tree
version=v2
num_class=1
num_tree_per_iteration=1
label_index=0
max_feature_idx=14
objective=binary sigmoid:1
feature_names=Column_0 Column_1 Column_2 Column_3 Column_4 Column_5 Column_6 Column_7 Column_8 Column_9 Column_10 Column_11 Column_12 Column_13 Column_14
feature_infos=[-1:1] [-1:1] [-1:1] [-1:1] [-1:1] [-1:1] [-1:1] [-1:1] [-1:1] [-1:1] [-1:1] [-1:1] [-1:1] [-1:1] [-1:1]
tree_sizes=934 946 954 947 949 950 953 953 947 951 956 951 951 950 949 952 954 951 955 956 958 954 951 952 953 957 955 951 957 953 951 956 952 957 954 953 951 951 951 954 953 951 953 953 953 955 953 957 954 947 955 948 958 953 957 955 955 954 955 952 955 957 951 957 950 956 951 956 950 953 957 949 957 958 953 956 953 956 954 956 954 954 956 953 954 957 952 953 953 950 954 954 950 953 954 953 955 955 955 952

Tree=0
num_leaves=10
num_cat=0
split_feature=1 0 0 6 6 7 7 7 6
split_gain=53022.2 24440.6 24270.4 15460.8 15191.4 9285.68 8784.32 7964.38 7905.49
threshold=1.0000000180025095e-35 1.0000000180025095e-35 1.0000000180025095e-35 1.0000000180025095e-35 1.0000000180025095e-35 1.0000000180025095e-35 1.0000000180025095e-35 1.0000000180025095e-35 1.0000000180025095e-35
decision_type=2 2 2 2 2 2 2 2 2
left_child=1 3 5 -1 -4 -2 8 -5 -3
right_child=2 6 4 7 -6 -7 -8 -9 -10
leaf_value=0.10458694529581439 -0.0019063006946348354 0.1351870582745309 0.10190194551265132 0.016395166983876566 0.043896528902641743 0.043667767249393134 0.14973991718136231 0.07582909272711047 0.075618024120638352
leaf_count=90938 89336 44588 90439 45123 90411 89740 89588 45188 44649
internal_value=0 0.543669 -0.54256 0.025747 -0.0254052 -1.06484 1.06861 -0.560809 0.624164
internal_count=720000 360074 359926 181249 180850 179076 178825 90311 89237
shrinkage=1


Tree=1
num_leaves=10
num_cat=0
split_feature=1 8 8 6 7 5 0 5 0
split_gain=47882.9 23693.3 22376.4 14554.9 14436.5 9186.25 8193.83 7433.78 7318.39
threshold=1.0000000180025095e-35 1.0000000180025095e-35 1.0000000180025095e-35 1.0000000180025095e-35 1.0000000180025095e-35 1.0000000180025095e-35 1.0000000180025095e-35 1.0000000180025095e-35 1.0000000180025095e-35
decision_type=2 2 2 2 2 2 2 2 2
left_child=2 4 6 8 -2 -3 -1 -5 -4
right_child=1 5 3 7 -6 -7 -8 -9 -10
leaf_value=0.029636808270955457 -0.028437102582339946 -0.074116274877469426 0.001059803252333307 -0.056342195535700468 0.028224652058445668 -0.028901874556298404 0.072342243782335766 0.001204908186878934 0.058260810062087033
leaf_count=90805 89975 89655 45244 44998 90049 90247 89465 44982 44580
internal_value=0 -0.515153 0.517389 0.0174194 -0.00195827 -1.0287 1.01607 -0.55147 0.588307
internal_count=720000 359926 360074 179804 180024 179902 180270 89980 89824
shrinkage=0.05


Tree=2
num_leaves=10
num_cat=0
split_feature=7 5 1 6 8 6 6 0 1
split_gain=43600.3 22441.7 22130.1 14322.8 13977.8 8604.09 7659.74 7430.58 7037.08
threshold=1.0000000180025095e-35 1.0000000180025095e-35 1.0000000180025095e-35 1.0000000180025095e-35 1.0000000180025095e-35 1.0000000180025095e-35 1.0000000180025095e-35 1.0000000180025095e-35 1.0000000180025095e-35
decision_type=2 2 2 2 2 2 2 2 2
left_child=1 5 6 -4 -3 -1 -2 -5 -6
right_child=2 4 3 7 8 -7 -8 -9 -10
leaf_value=-0.027752467555567168 0.070322361202471442 0.028246286031535634 0.028114870163142666 -0.057210332509705711 0.00046560568417712924 -0.07159107645931212 0.028952127424258491 0.00023686605023743457 -0.055533386508788286
leaf_count=89861 89864 90060 90211 44743 45001 89657 90279 45389 44935
internal_value=0 -0.492576 0.493256 -0.00166599 0.00704433 -0.993543 0.991253 -0.56562 -0.551089
internal_count=720000 359514 360486 180343 179996 179518 180143 90132 89936
shrinkage=0.05


Tree=3
num_leaves=10
num_cat=0
split_feature=0 8 1 5 1 9 8 9 7
split_gain=41438.5 20988 20371.7 13456.8 13305.5 8225.33 7131.11 6918.42 6622.11
threshold=1.0000000180025095e-35 1.0000000180025095e-35 1.0000000180025095e-35 1.0000000180025095e-35 1.0000000180025095e-35 1.0000000180025095e-35 1.0000000180025095e-35 1.0000000180025095e-35 1.0000000180025095e-35
decision_type=2 2 2 2 2 2 2 2 2
left_child=1 4 6 -4 -1 -3 -2 -6 -5
right_child=2 5 3 8 7 -7 -8 -9 -10
leaf_value=0.02728004028458645 0.068372466137106624 -0.026705992034593069 -0.026949771267289525 0.00060059153987159831 0.00064786352696361341 -0.069499502839985419 0.028216447416140284 -0.055020382720751874 0.054609648263415078
leaf_count=90805 89465 90009 89886 45366 44754 90115 89360 44642 45598
internal_value=0 -0.478958 0.482828 0.010231 0.00444451 -0.962305 0.9652 -0.543025 0.553034
internal_count=720000 360325 359675 180850 180201 180124 178825 89396 90964
shrinkage=0.05


Tree=4
num_leaves=10
num_cat=0
split_feature=6 9 5 9 0 7 7 5 0
split_gain=40185.6 20256.2 19885.5 12556 12455.2 8265.79 6932.3 6725.58 6563.49
threshold=1.0000000180025095e-35 1.0000000180025095e-35 1.0000000180025095e-35 1.0000000180025095e-35 1.0000000180025095e-35 1.0000000180025095e-35 1.0000000180025095e-35 1.0000000180025095e-35 1.0000000180025095e-35
decision_type=2 2 2 2 2 2 2 2 2
left_child=2 4 3 -1 -2 -3 -4 -7 -5
right_child=1 5 6 8 -6 7 -8 -9 -10
leaf_value=0.026670823371156057 -0.026203349498472278 -0.068988980394690758 0.027719899051204457 -0.053237388626569716 0.026489383196230332 -0.053371922202449323 0.067122188850809048 0.0014570767168977745 0.0010106306165873239
leaf_count=89994 90080 89631 90156 45208 90169 45036 90064 44992 44670
internal_value=0 -0.472649 0.475404 0.00343511 0.00205643 -0.949167 0.947259 -0.51963 -0.527276
internal_count=720000 359908 360092 179872 180249 179659 180220 90028 89878
shrinkage=0.05


Tree=5
num_leaves=10
num_cat=0
split_feature=8 1 5 7 6 2 7 5 7
split_gain=37877.1 20019.8 18570.5 12410.4 12072 7781.85 6842.6 6357.62 6281.83
threshold=1.0000000180025095e-35 1.0000000180025095e-35 1.0000000180025095e-35 1.0000000180025095e-35 1.0000000180025095e-35 1.0000000180025095e-35 1.0000000180025095e-35 1.0000000180025095e-35 1.0000000180025095e-35
decision_type=2 2 2 2 2 2 2 2 2
left_child=2 3 4 7 -1 -3 -4 -2 -6
right_child=1 5 6 -5 8 -7 -8 -9 -10
leaf_value=0.026286070771752032 -0.052159356750271259 -0.067467762001430662 0.026377183795031185 0.027186622914164651 -0.052147483220673398 -0.025756203517304156 0.065584354364289929 0.0011429190209674041 0.00082431051789089529
leaf_count=90227 45152 90064 90078 89782 44973 89660 90104 44870 45090
internal_value=0 -0.460522 0.460692 0.0138201 0.00557189 -0.933173 0.917943 -0.511668 -0.513379
internal_count=720000 359528 360472 179804 180290 179724 180182 90022 90063
shrinkage=0.05


Tree=6
num_leaves=10
num_cat=0
split_feature=9 1 0 1 0 10 6 2 2
split_gain=36217.7 18689.4 17934.2 11755.7 11518.8 7220.52 6761.68 6246.07 6035.21
threshold=1.0000000180025095e-35 1.0000000180025095e-35 1.0000000180025095e-35 1.0000000180025095e-35 1.0000000180025095e-35 1.0000000180025095e-35 1.0000000180025095e-35 1.0000000180025095e-35 1.0000000180025095e-35
decision_type=2 2 2 2 2 2 2 2 2
left_child=2 4 3 8 7 -3 -4 -2 -1
right_child=1 5 6 -5 -6 -7 -8 -9 -10
leaf_value=-0.00023533532201127426 -0.050864133050587325 -0.025151445736980249 0.06472396454243344 -0.025494911010202251 0.026256725112426854 -0.065382527760345838 0.025670636465186143 0.0017576085748413765 0.051654531816314568
leaf_count=45099 45662 89254 89814 89660 89277 90534 90098 45272 45330
internal_value=0 -0.451018 0.450882 0.00406063 0.00806254 -0.908213 0.901579 -0.49333 0.515526
internal_count=720000 359999 360001 180089 180211 179788 179912 90934 90429
shrinkage=0.05


Tree=7
num_leaves=10
num_cat=0
split_feature=5 7 6 7 6 2 10 8 0
split_gain=35360.2 18219.1 17372.7 11623.4 11444.6 7473.55 6121.28 5957.7 5854.11
threshold=1.0000000180025095e-35 1.0000000180025095e-35 1.0000000180025095e-35 1.0000000180025095e-35 1.0000000180025095e-35 1.0000000180025095e-35 1.0000000180025095e-35 1.0000000180025095e-35 1.0000000180025095e-35
decision_type=2 2 2 2 2 2 2 2 2
left_child=1 5 6 8 -3 -1 -2 -6 -4
right_child=2 4 3 -5 7 -7 -8 -9 -10
leaf_value=-0.065280867105727891 0.063229680994413118 0.025959158238763637 -0.050825961762200514 0.025828597024927347 0.0010284938716142861 -0.024330231317746979 0.025988240651319629 -0.050583563531848501 0.00045049328934674892
leaf_count=90343 89861 89622 44904 90321 45090 89759 90162 45152 44786
internal_value=0 -0.445428 0.446769 0.00641185 0.0078706 -0.897141 0.891495 -0.496124 -0.504737
internal_count=720000 359966 360034 180011 179864 180102 180023 90242 89690
shrinkage=0.05


Tree=8
num_leaves=10
num_cat=0
split_feature=8 9 0 1 5 2 1 2 2
split_gain=33979.4 17047.5 16682.2 11289 10737.5 6782.63 6126.36 5903 5591.4
threshold=1.0000000180025095e-35 1.0000000180025095e-35 1.0000000180025095e-35 1.0000000180025095e-35 1.0000000180025095e-35 1.0000000180025095e-35 1.0000000180025095e-35 1.0000000180025095e-35 1.0000000180025095e-35
decision_type=2 2 2 2 2 2 2 2 2
left_child=2 4 3 -1 -2 -3 -4 -5 -8
right_child=1 5 6 7 -6 -7 8 -9 -10
leaf_value=0.02543785038004245 -0.024503583523264077 -0.063308205051642183 0.062826921093575405 -0.050793491130272608 0.024700937868805971 -0.024202477570395182 0.00059627755436496418 0.00074048473509941105 0.050613555793495441
leaf_count=90889 89813 90299 89566 44498 89728 89688 45507 45043 44969
internal_value=0 -0.437415 0.43831 0.00781114 0.000988533 -0.875795 0.876031 -0.497099 0.509243
internal_count=720000 359528 360472 180430 179541 179987 180042 89541 90476
shrinkage=0.05


Tree=9
num_leaves=10
num_cat=0
split_feature=7 10 6 11 1 6 1 2 0
split_gain=32625.9 17242.5 15984.8 11791.2 10551.9 7165.43 5734.83 5687.42 5671.5
threshold=1.0000000180025095e-35 1.0000000180025095e-35 1.0000000180025095e-35 1.0000000180025095e-35 1.0000000180025095e-35 1.0000000180025095e-35 1.0000000180025095e-35 1.0000000180025095e-35 1.0000000180025095e-35
decision_type=2 2 2 2 2 2 2 2 2
left_child=1 3 6 -1 -4 8 -2 -6 -3
right_child=2 5 4 -5 7 -7 -8 -9 -10
leaf_value=-0.025106197430190685 0.061489638943982475 -0.048552147758814237 0.024904550313047003 0.026503813407041804 -0.049183913544348028 -0.063531735191375283 0.025229224012329327 0.0012881693618660109 0.0020314774219770643
leaf_count=89998 89741 44980 90404 89729 44868 90170 89837 45291 44982
internal_value=0 -0.428341 0.430969 0.0131906 0.00912756 -0.86897 0.861036 -0.476034 -0.46681
internal_count=720000 359859 360141 179727 180563 180132 179578 90159 89962
shrinkage=0.05


Tree=10
num_leaves=10
num_cat=0
split_feature=2 11 0 1 1 10 10 11 9
split_gain=31687.7 16938.7 16406.2 10372.8 9858.24 6760.82 6709.89 5834.23 5569.96
threshold=1.0000000180025095e-35 1.0000000180025095e-35 1.0000000180025095e-35 1.0000000180025095e-35 1.0000000180025095e-35 1.0000000180025095e-35 1.0000000180025095e-35 1.0000000180025095e-35 1.0000000180025095e-35
decision_type=2 2 2 2 2 2 2 2 2
left_child=2 4 6 -4 -2 -3 7 -1 -7
right_child=1 5 3 -5 -6 8 -8 -9 -10
leaf_value=-0.048827476969757699 0.023077980248399355 0.062723775969091261 0.025267706615547926 -0.023350646250630099 -0.024274930304133663 0.048699078364658838 -0.062159477396967089 0.0024949745172107994 -0.001535752159011088
leaf_count=45151 89973 89971 89556 90694 89541 45068 90102 44898 45046
internal_value=0 0.424715 -0.423414 0.00968934 -0.0145273 0.862589 -0.853199 -0.464281 0.47142
internal_count=720000 359599 360401 180250 179514 180085 180151 90049 90114
shrinkage=0.05


Tree=11
num_leaves=10
num_cat=0
split_feature=5 9 8 8 6 0 9 8 1
split_gain=31425.2 15967 15538.9 10021.5 9898.83 6422.63 5932.41 5159.11 5119.11
threshold=1.0000000180025095e-35 1.0000000180025095e-35 1.0000000180025095e-35 1.0000000180025095e-35 1.0000000180025095e-35 1.0000000180025095e-35 1.0000000180025095e-35 1.0000000180025095e-35 1.0000000180025095e-35
decision_type=2 2 2 2 2 2 2 2 2
left_child=1 3 6 -1 -4 -3 -2 -7 -6
right_child=2 5 4 -5 8 7 -8 -9 -10
leaf_value=0.02399494256433056 0.060907967055536728 -0.061522201930070214 0.024070107625531658 -0.023645910488053635 0.00070592746364243875 0.00097842901851351869 0.023995281337737772 -0.047525920191109988 -0.047342168338991901
leaf_count=90312 90108 90137 90083 89798 45043 44933 89879 44719 44988
internal_value=0 -0.421503 0.424112 0.0031268 0.00632065 -0.848477 0.84809 -0.465561 -0.465252
internal_count=720000 359899 360101 180110 180114 179789 179987 89652 90031
shrinkage=0.05


Tree=12
num_leaves=10
num_cat=0
split_feature=10 11 6 1 2 5 9 9 0
split_gain=29737.8 15932.6 15670.5 9731.43 9622.17 6320.73 6258.84 5264.18 5187.59
threshold=1.0000000180025095e-35 1.0000000180025095e-35 1.0000000180025095e-35 1.0000000180025095e-35 1.0000000180025095e-35 1.0000000180025095e-35 1.0000000180025095e-35 1.0000000180025095e-35 1.0000000180025095e-35
decision_type=2 2 2 2 2 2 2 2 2
left_child=1 4 3 -2 -1 -4 -3 -6 -5
right_child=2 6 5 8 7 -7 -8 -9 -10
leaf_value=-0.024065916191360077 0.02471412189624704 0.060990161550951195 -0.060496162465561332 -0.046888185388755742 0.047531862617245908 -0.022633286730215727 0.023162518379654218 -0.0016456507095086751 0.0014307965354987068
leaf_count=90144 89565 89775 90743 44774 44595 90100 90028 44703 45573
internal_value=0 0.41321 -0.410768 0.0138152 -0.01385 -0.831319 0.839874 0.457171 -0.449972
internal_count=720000 359245 360755 179912 179442 180843 179803 89298 90347
shrinkage=0.05


Tree=13
num_leaves=10
num_cat=0
split_feature=7 1 0 6 0 8 6 2 8
split_gain=29811.6 15250.1 14700.7 9537.51 9393.89 6019.7 5195.32 5070.15 5013.89
threshold=1.0000000180025095e-35 1.0000000180025095e-35 1.0000000180025095e-35 1.0000000180025095e-35 1.0000000180025095e-35 1.0000000180025095e-35 1.0000000180025095e-35 1.0000000180025095e-35 1.0000000180025095e-35
decision_type=2 2 2 2 2 2 2 2 2
left_child=1 4 3 -2 8 6 -3 -4 -1
right_child=2 5 7 -5 -6 -7 -8 -9 -10
leaf_value=0.0009937683835552298 0.023834605092053693 0.001066678803994036 0.024538431099013276 -0.022665161673374179 0.02375118971716499 -0.060126771817988506 -0.047437792470408607 0.058894892765735542 -0.046472053018044364
leaf_count=45639 90083 45058 90515 90265 89177 89707 44909 89508 45139
internal_value=0 -0.411173 0.414928 0.00943158 0.0055244 -0.828627 -0.461015 0.831312 -0.450516
internal_count=720000 359629 360371 180348 179955 179674 89967 180023 90778
shrinkage=0.05


Tree=14
num_leaves=10
num_cat=0
split_feature=5 9 9 6 6 2 2 7 7
split_gain=28069.3 14266 14093.4 9071 8935.62 5738.15 5512.33 4817.65 4703.64
threshold=1.0000000180025095e-35 1.0000000180025095e-35 1.0000000180025095e-35 1.0000000180025095e-35 1.0000000180025095e-35 1.0000000180025095e-35 1.0000000180025095e-35 1.0000000180025095e-35 1.0000000180025095e-35
decision_type=2 2 2 2 2 2 2 2 2
left_child=2 6 4 -3 -1 -4 -2 -6 -5
right_child=1 3 5 8 7 -7 -8 -9 -10
leaf_value=0.0227843744685596 0.022732158021444238 0.022907449019587814 -0.058528327846867026 -0.045946377104413523 -0.045846224758901301 -0.022175988929257342 0.058478097930739374 0.00085086131136729443 0.000358165315835255
leaf_count=89683 89709 90192 89736 44855 45094 90053 90183 45333 45162
internal_value=0 0.403045 -0.400186 4.47894e-05 3.81765e-05 -0.803887 0.810878 -0.447673 -0.453507
internal_count=720000 360101 359899 180209 180110 179789 179892 90427 90017
shrinkage=0.05


Tree=15
num_leaves=10
num_cat=0
split_feature=8 0 7 2 7 11 10 2 1
split_gain=27839.9 14300.4 13490.1 8869.89 8787.88 6015.29 5013.86 4765.27 4651.56
threshold=1.0000000180025095e-35 1.0000000180025095e-35 1.0000000180025095e-35 1.0000000180025095e-35 1.0000000180025095e-35 1.0000000180025095e-35 1.0000000180025095e-35 1.0000000180025095e-35 1.0000000180025095e-35
decision_type=2 2 2 2 2 2 2 2 2
left_child=2 5 3 -1 7 -2 -4 -3 -7
right_child=1 4 6 -5 -6 8 -8 -9 -10
leaf_value=-0.022049679645646563 -0.058893596158667461 -0.045471306959317233 0.057212375746572612 0.023018124583391881 0.022920814729284953 0.0013297844612770284 0.022981574716072338 0.00118220110031145 -0.044915741999942221
leaf_count=89947 90352 44912 90089 90056 89550 44834 90263 44955 45042
internal_value=0 -0.400482 0.40089 0.00988685 0.00524373 -0.805874 0.799926 -0.441017 -0.43406
internal_count=720000 359645 360355 180003 179417 180228 180352 89867 89876
shrinkage=0.05


Tree=16
num_leaves=10
num_cat=0
split_feature=10 11 1 8 1 11 9 2 9
split_gain=26661.7 14430.4 13657.1 8836.27 8473.69 5874.3 5266.28 4955.57 4620.98
threshold=1.0000000180025095e-35 1.0000000180025095e-35 1.0000000180025095e-35 1.0000000180025095e-35 1.0000000180025095e-35 1.0000000180025095e-35 1.0000000180025095e-35 1.0000000180025095e-35 1.0000000180025095e-35
decision_type=2 2 2 2 2 2 2 2 2
left_child=1 4 3 -2 -1 -4 -3 -7 -5
right_child=2 6 5 8 -6 7 -8 -9 -10
leaf_value=0.021425381261505547 0.023193200522011445 0.057776553839540307 -0.057806641901229285 0.0010186772073991499 -0.022884944100728624 -0.045052352079777487 0.022791840873077559 0.0026380501623063908 -0.045071156773236518
leaf_count=90246 90091 89711 90199 44931 89333 45255 89893 45168 45173
internal_value=0 0.392861 -0.392823 0.00633371 -0.0157128 -0.788025 0.802645 -0.4212 -0.442052
internal_count=720000 359183 360817 180195 179579 180622 179604 90423 90104
shrinkage=0.05


Tree=17
num_leaves=10
num_cat=0
split_feature=6 0 0 9 5 11 8 1 1
split_gain=25874.2 13327 12967 8506.9 8480.82 5419.25 4727.91 4418.8 4412.02
threshold=1.0000000180025095e-35 1.0000000180025095e-35 1.0000000180025095e-35 1.0000000180025095e-35 1.0000000180025095e-35 1.0000000180025095e-35 1.0000000180025095e-35 1.0000000180025095e-35 1.0000000180025095e-35
decision_type=2 2 2 2 2 2 2 2 2
left_child=2 5 4 -3 7 -2 -4 -1 -7
right_child=1 3 6 -5 -6 8 -8 -9 -10
leaf_value=0.00057121189887447438 -0.056774641999496327 0.022441479003728702 0.056321854318857847 -0.021845559767421443 0.022408256602894132 0.00095918358471005138 0.022806811778497364 -0.044454190742984304 -0.044136024685541564
leaf_count=45279 90166 90106 89818 89999 90190 45022 89592 44893 44935
internal_value=0 -0.386369 0.388879 0.00517617 0.00622101 -0.779573 0.784536 -0.434534 -0.427038
internal_count=720000 360228 359772 180105 180362 180123 179410 90172 89957
shrinkage=0.05


Tree=18
num_leaves=10
num_cat=0
split_feature=2 11 7 10 5 8 5 9 6
split_gain=25062.7 13499.3 12959.7 8197.25 8095.89 5103.11 4933.83 4426.89 4367.95
threshold=1.0000000180025095e-35 1.0000000180025095e-35 1.0000000180025095e-35 1.0000000180025095e-35 1.0000000180025095e-35 1.0000000180025095e-35 1.0000000180025095e-35 1.0000000180025095e-35 1.0000000180025095e-35
decision_type=2 2 2 2 2 2 2 2 2
left_child=2 3 5 7 8 -1 -3 -2 -4
right_child=1 6 4 -5 -6 -7 -8 -9 -10
leaf_value=-0.021515006956217636 0.044193897886283091 0.022203027189655795 0.0011739423472465393 -0.022474908097271422 0.022021913763160636 -0.056031479541247313 0.056187095363859123 -0.0013438701681129396 -0.043834285828404214
leaf_count=89947 44681 89793 44997 90273 90542 89972 90017 44767 45011
internal_value=0 0.382067 -0.382603 -0.0142584 0.00523882 -0.771892 0.779907 0.42487 -0.427403
internal_count=720000 359531 360469 179721 180550 179919 179810 89448 90008
shrinkage=0.05


Tree=19
num_leaves=10
num_cat=0
split_feature=1 8 5 7 7 11 10 0 9
split_gain=24206.5 12840.1 11977.2 8167.05 8068.14 5068.43 4584.6 4499.29 4267.98
threshold=1.0000000180025095e-35 1.0000000180025095e-35 1.0000000180025095e-35 1.0000000180025095e-35 1.0000000180025095e-35 1.0000000180025095e-35 1.0000000180025095e-35 1.0000000180025095e-35 1.0000000180025095e-35
decision_type=2 2 2 2 2 2 2 2 2
left_child=2 3 4 8 6 -3 -1 -4 -2
right_child=1 5 7 -5 -6 -7 -8 -9 -10
leaf_value=0.0017930686686033787 0.00080329021973869557 -0.055577460908610779 0.022183989243567306 0.022193256321468357 0.022234928124773075 -0.021128331020190707 -0.044168795557597784 0.055006364279851838 -0.043563512784685857
leaf_count=44992 44905 89767 90783 89920 90049 90183 44996 89393 45012
internal_value=0 -0.374503 0.378261 0.00913349 0.00783955 -0.763551 -0.421393 0.759321 -0.424576
internal_count=720000 359787 360213 179837 180037 179950 89988 180176 89917
shrinkage=0.05


Tree=20
num_leaves=10
num_cat=0
split_feature=9 10 5 1 11 0 10 7 8
split_gain=23996.8 12052.2 11907.4 7756.58 7731.63 4977.54 4568.34 4243.78 4194.65
threshold=1.0000000180025095e-35 1.0000000180025095e-35 1.0000000180025095e-35 1.0000000180025095e-35 1.0000000180025095e-35 1.0000000180025095e-35 1.0000000180025095e-35 1.0000000180025095e-35 1.0000000180025095e-35
decision_type=2 2 2 2 2 2 2 2 2
left_child=2 4 3 -1 -2 -3 -4 -5 -7
right_child=1 5 6 7 -6 8 -8 -9 -10
leaf_value=0.021742239963888271 -0.021357252994857707 -0.054891424940748994 0.054532171390568311 -0.043128817154931137 0.021180688793881849 0.0015955041025574835 0.021522466866325602 0.0011472297788566435 -0.042670034283080527
leaf_count=90007 89607 90007 89853 44929 90011 45121 90203 45143 45119
internal_value=0 -0.374582 0.376694 0.00678269 0.000284383 -0.752136 0.755799 -0.414852 -0.412746
internal_count=720000 359865 360135 180079 179618 180247 180056 90072 90240
shrinkage=0.05


Tree=21
num_leaves=10
num_cat=0
split_feature=6 2 0 8 7 0 9 0 2
split_gain=23595.3 12218.2 11449.9 7776.54 7748.05 4782.08 4297.89 4145.03 3988.51
threshold=1.0000000180025095e-35 1.0000000180025095e-35 1.0000000180025095e-35 1.0000000180025095e-35 1.0000000180025095e-35 1.0000000180025095e-35 1.0000000180025095e-35 1.0000000180025095e-35 1.0000000180025095e-35
decision_type=2 2 2 2 2 2 2 2 2
left_child=2 5 3 -1 7 -2 -4 -3 -5
right_child=1 4 6 8 -6 -7 -8 -9 -10
leaf_value=0.022008391184996593 -0.054689388680833451 -0.043163002119878099 0.054054595904991613 -0.04219311589736098 0.021435173927754653 -0.021044292179550422 0.021781349128706731 0.00084443288569768121 0.00089041860842758091
leaf_count=90373 89717 44984 89925 45018 90437 90277 89644 44697 44928
internal_value=0 -0.370592 0.375817 0.0143323 0.00512317 -0.752339 0.751883 -0.420936 -0.410899
internal_count=720000 360112 359888 180319 180118 179994 179569 89681 89946
shrinkage=0.05


Tree=22
num_leaves=10
num_cat=0
split_feature=5 11 8 10 7 1 2 0 9
split_gain=22334.5 11667.9 11254.9 7654.81 7583.2 5022.57 4302.79 4243.25 4144.47
threshold=1.0000000180025095e-35 1.0000000180025095e-35 1.0000000180025095e-35 1.0000000180025095e-35 1.0000000180025095e-35 1.0000000180025095e-35 1.0000000180025095e-35 1.0000000180025095e-35 1.0000000180025095e-35
decision_type=2 2 2 2 2 2 2 2 2
left_child=1 5 6 8 -4 7 -2 -1 -3
right_child=2 3 4 -5 -6 -7 -8 -9 -10
leaf_value=-0.041828732547271208 0.02101515502545491 0.043474950110186122 -0.020774994646881585 -0.021038492570748635 0.021394916589028951 -0.05426321249054087 0.053293430796996791 0.0028075735483118983 -0.00042114732004529986
leaf_count=45169 89915 45023 89921 90029 90212 89722 90100 44766 45143
internal_value=0 -0.361815 0.36601 0.0069109 0.00563723 -0.73541 0.738027 -0.394185 0.426784
internal_count=720000 359852 360148 180195 180133 179657 180015 89935 90166
shrinkage=0.05


Tree=23
num_leaves=10
num_cat=0
split_feature=6 8 2 1 1 10 5 11 7
split_gain=21582.8 11406.1 11049.2 7426.56 7377.41 4486.46 4426.71 4053.83 3870.5
threshold=1.0000000180025095e-35 1.0000000180025095e-35 1.0000000180025095e-35 1.0000000180025095e-35 1.0000000180025095e-35 1.0000000180025095e-35 1.0000000180025095e-35 1.0000000180025095e-35 1.0000000180025095e-35
decision_type=2 2 2 2 2 2 2 2 2
left_child=2 4 3 -1 8 -4 -3 -6 -2
right_child=1 6 5 -5 7 -7 -8 -9 -10
leaf_value=0.02144867949595497 0.00035507122344993942 -0.052856114913465008 0.053241060546474678 -0.02052210358927864 -0.042193757320791558 0.020259169704731128 -0.020349445806449318 0.0013439775590277023 0.04308928671361506
leaf_count=89977 44840 90115 89488 90386 44831 90037 89984 45032 45310
internal_value=0 -0.355769 0.361258 0.00132479 0.00869076 0.729205 -0.726158 -0.405701 0.426718
internal_count=720000 360112 359888 180363 180013 179525 180099 89863 90150
shrinkage=0.05


Tree=24
num_leaves=10
num_cat=0
split_feature=9 11 7 1 0 0 10 0 2
split_gain=21447.3 11158.7 11028.1 7148.22 6759.19 4391.38 4350.83 4123.07 3940.15
threshold=1.0000000180025095e-35 1.0000000180025095e-35 1.0000000180025095e-35 1.0000000180025095e-35 1.0000000180025095e-35 1.0000000180025095e-35 1.0000000180025095e-35 1.0000000180025095e-35 1.0000000180025095e-35
decision_type=2 2 2 2 2 2 2 2 2
left_child=1 4 5 -4 -1 -2 -3 -5 -8
right_child=2 6 3 7 -6 -7 8 -9 -10
leaf_value=-0.020051094440827096 -0.052688962458660893 0.05288455752898065 0.020980738633876506 -0.04247091184898448 0.020118731176806723 -0.020188738576433236 -0.0010676284265595029 0.0014578278704479065 0.042193240385922849
leaf_count=89993 90021 89740 90042 44781 90198 89801 45020 45220 45184
internal_value=0 0.359831 -0.356628 0.0032889 -0.00403036 -0.722137 0.727988 -0.40321 0.409281
internal_count=720000 360135 359865 180043 180191 179822 179944 90001 90204
shrinkage=0.05


Tree=25
num_leaves=10
num_cat=0
split_feature=10 7 2 0 11 11 0 1 5
split_gain=20793.7 10564.7 10509.1 6764.08 6604.75 4271.55 4235.85 3916.42 3809.66
threshold=1.0000000180025095e-35 1.0000000180025095e-35 1.0000000180025095e-35 1.0000000180025095e-35 1.0000000180025095e-35 1.0000000180025095e-35 1.0000000180025095e-35 1.0000000180025095e-35 1.0000000180025095e-35
decision_type=2 2 2 2 2 2 2 2 2
left_child=2 5 4 -3 -1 -2 7 -4 -6
right_child=1 3 6 -5 8 -7 -8 -9 -10
leaf_value=-0.019800297246037012 -0.051783122342863343 -0.019762772554947475 0.041840717685877341 0.020345030175574905 -0.0010083633803816307 -0.019680996749688325 0.052227672778674433 -0.0012580070818378471 0.041632461708391674
leaf_count=90252 89916 90341 45023 90525 45192 90123 89206 44812 44610
internal_value=0 -0.35349 0.353547 -0.000384896 0.00133093 -0.711756 0.713577 0.401295 0.39813
internal_count=720000 360905 359095 180866 180054 180039 179041 89835 89802
shrinkage=0.05


Tree=26
num_leaves=10
num_cat=0
split_feature=8 5 6 0 6 1 7 2 5
split_gain=20382.1 10584.9 10337.9 6746.58 6691.1 4250.58 3934.33 3685.22 3643.57
threshold=1.0000000180025095e-35 1.0000000180025095e-35 1.0000000180025095e-35 1.0000000180025095e-35 1.0000000180025095e-35 1.0000000180025095e-35 1.0000000180025095e-35 1.0000000180025095e-35 1.0000000180025095e-35
decision_type=2 2 2 2 2 2 2 2 2
left_child=2 5 6 8 -3 -2 -1 -6 -4
right_child=1 4 3 -5 7 -7 -8 -9 -10
leaf_value=0.020525544592644617 -0.019902470238173195 0.020111492546790257 -0.040697490345209711 0.020346265046949433 -0.040802646127033826 -0.052074398890866624 0.051718345183047409 0.00098520685721088168 0.00076588494839506234
leaf_count=90163 89801 90167 45004 90277 45072 89598 90152 44876 44890
internal_value=0 -0.350703 0.350683 0.00366806 0.00195468 -0.711658 0.711454 -0.395483 -0.393814
internal_count=720000 359514 360486 180171 180115 179399 180315 89948 89894
shrinkage=0.05


Tree=27
num_leaves=10
num_cat=0
split_feature=9 7 1 1 6 0 10 2 10
split_gain=19502.7 10304.6 10162.7 6714.17 6586.3 4259.65 4021.63 3685.81 3680.36
threshold=1.0000000180025095e-35 1.0000000180025095e-35 1.0000000180025095e-35 1.0000000180025095e-35 1.0000000180025095e-35 1.0000000180025095e-35 1.0000000180025095e-35 1.0000000180025095e-35 1.0000000180025095e-35
decision_type=2 2 2 2 2 2 2 2 2
left_child=1 3 4 -1 -2 -4 -3 -6 -7
right_child=2 6 5 -5 7 8 -8 -9 -10
leaf_value=0.019964808638524647 0.020289834792196426 0.051462723275714474 -0.051556929579517956 -0.020077303528866906 -0.04049787130432031 0.001592912863208345 0.019871913995581952 0.0013639128755467654 -0.040022938133399279
leaf_count=89818 90186 89676 89360 90138 45105 44712 90569 44695 45741
internal_value=0 0.34373 -0.344116 -0.0037137 0.0039568 -0.697265 0.704507 -0.389689 -0.386383
internal_count=720000 360201 359799 179956 179986 179813 180245 89800 90453
shrinkage=0.05


Tree=28
num_leaves=10
num_cat=0
split_feature=2 11 5 0 9 10 1 0 1
split_gain=19352.1 10682.3 9952.26 6595.55 6024.24 4109.02 4073.19 3524.84 3400.33
threshold=1.0000000180025095e-35 1.0000000180025095e-35 1.0000000180025095e-35 1.0000000180025095e-35 1.0000000180025095e-35 1.0000000180025095e-35 1.0000000180025095e-35 1.0000000180025095e-35 1.0000000180025095e-35
decision_type=2 2 2 2 2 2 2 2 2
left_child=2 4 5 8 -2 -1 -3 -8 -4
right_child=1 6 3 -5 -6 -7 7 -9 -10
leaf_value=-0.019107290057120422 0.018421257709847726 0.051647616791581544 0.00011024178899139615 0.020263918415358732 -0.019866733667739028 -0.050860490498938919 -0.00019387921891383703 0.040782201841577326 -0.040086017522493099
leaf_count=89954 89881 89770 45471 90197 89595 90325 45170 44998 44639
internal_value=0 0.34332 -0.343531 0.00106193 -0.0163351 -0.694521 0.706424 0.399966 -0.391918
internal_count=720000 359414 360586 180307 179476 180279 179938 90168 90110
shrinkage=0.05


Tree=29
num_leaves=10
num_cat=0
split_feature=8 7 11 6 1 0 2 10 0
split_gain=18867.7 9999.2 9382.1 6257.85 6171.34 3982.47 3933.59 3412.34 3393.67
threshold=1.0000000180025095e-35 1.0000000180025095e-35 1.0000000180025095e-35 1.0000000180025095e-35 1.0000000180025095e-35 1.0000000180025095e-35 1.0000000180025095e-35 1.0000000180025095e-35 1.0000000180025095e-35
decision_type=2 2 2 2 2 2 2 2 2
left_child=2 5 4 -3 -1 -2 7 -4 -6
right_child=1 3 6 -5 8 -7 -8 -9 -10
leaf_value=0.019927119235969581 -0.050843526010001409 0.019949258327121695 0.039487357529263793 -0.018887807879369646 -0.039287444476167617 -0.019475999191829796 0.0502141056929492 -0.0012143145340303093 0.00097238061939813815
leaf_count=90358 89836 89602 45030 90290 44600 89786 90139 45048 45311
internal_value=0 -0.339543 0.340096 0.00549073 0.00453399 -0.692896 0.683678 0.378529 -0.375927
internal_count=720000 359514 360486 179892 180269 179622 180217 90078 89911
shrinkage=0.05


Tree=30
num_leaves=10
num_cat=0
split_feature=5 6 10 0 1 7 11 6 1
split_gain=18314.8 9637.18 9399.13 5975.73 5950.75 4007.99 3861.11 3359.23 3349.38
threshold=1.0000000180025095e-35 1.0000000180025095e-35 1.0000000180025095e-35 1.0000000180025095e-35 1.0000000180025095e-35 1.0000000180025095e-35 1.0000000180025095e-35 1.0000000180025095e-35 1.0000000180025095e-35
decision_type=2 2 2 2 2 2 2 2 2
left_child=1 3 6 -1 -4 -3 -2 -6 -5
right_child=2 5 4 8 7 -7 -8 -9 -10
leaf_value=-0.018568581153565782 0.019027171482506936 -0.050295833223254087 0.019472843652819989 0.040635813635218183 0.001125755165212946 -0.018801695810717278 0.050163551224245512 -0.038914723019611089 8.51063744594788e-05
leaf_count=90173 90449 89937 89810 44672 45189 90276 89623 45055 44816
internal_value=0 -0.33425 0.337018 0.00643352 0.00158655 -0.680888 0.683051 -0.37153 0.390746
internal_count=720000 359874 360126 179661 180054 180213 180072 90244 89488
shrinkage=0.05


Tree=31
num_leaves=10
num_cat=0
split_feature=9 11 7 10 10 2 7 8 0
split_gain=17754.9 9326.18 9262.53 6099.02 5785.27 3781.8 3695.04 3286.67 3283.43
threshold=1.0000000180025095e-35 1.0000000180025095e-35 1.0000000180025095e-35 1.0000000180025095e-35 1.0000000180025095e-35 1.0000000180025095e-35 1.0000000180025095e-35 1.0000000180025095e-35 1.0000000180025095e-35
decision_type=2 2 2 2 2 2 2 2 2
left_child=1 4 5 -4 -1 -2 8 -5 -3
right_child=2 6 3 7 -6 -7 -8 -9 -10
leaf_value=0.018771719408159433 -0.049358353799309002 -0.00054001293972802638 0.019565924197332329 0.0010065266841241041 -0.018831379998159928 -0.01862222167331393 0.049594288922441811 -0.038909703676936094 0.039479031791125399
leaf_count=90200 90132 45033 89811 44958 90298 89630 90038 45148 44752
internal_value=0 0.332241 -0.33038 0.00358434 -0.00291282 -0.672449 0.677177 -0.379827 0.381845
internal_count=720000 360321 359679 179917 180498 179762 179823 90106 89785
shrinkage=0.05


Tree=32
num_leaves=10
num_cat=0
split_feature=2 6 5 8 8 1 7 0 1
split_gain=17207.1 8994.62 8781.86 5867.62 5712.79 3786.59 3588.77 3471.94 3129.83
threshold=1.0000000180025095e-35 1.0000000180025095e-35 1.0000000180025095e-35 1.0000000180025095e-35 1.0000000180025095e-35 1.0000000180025095e-35 1.0000000180025095e-35 1.0000000180025095e-35 1.0000000180025095e-35
decision_type=2 2 2 2 2 2 2 2 2
left_child=1 3 4 -1 -2 7 -4 -3 -5
right_child=2 5 6 8 -6 -7 -8 -9 -10
leaf_value=0.019337773196152815 0.018894451329109434 -0.038801494805121267 0.018763165884669447 0.000822945156889224 -0.018461612601406184 -0.049061812714671499 0.04898882147274549 0.0021227250429149899 -0.038233439829858717
leaf_count=90419 90093 45445 90054 44878 89529 89817 89681 44974 45110
internal_value=0 -0.325695 0.327982 0.00489898 0.00374312 -0.662432 0.665341 -0.365693 -0.371991
internal_count=720000 360643 359357 180407 179622 180236 179735 90419 89988
shrinkage=0.05


Tree=33
num_leaves=10
num_cat=0
split_feature=11 10 6 0 9 7 0 1 1
split_gain=16779.3 8847.56 8776.12 5829.33 5663.11 3862.06 3825.83 3422.43 3233.71
threshold=1.0000000180025095e-35 1.0000000180025095e-35 1.0000000180025095e-35 1.0000000180025095e-35 1.0000000180025095e-35 1.0000000180025095e-35 1.0000000180025095e-35 1.0000000180025095e-35 1.0000000180025095e-35
decision_type=2 2 2 2 2 2 2 2 2
left_child=2 6 3 -1 -3 -4 7 -2 -7
right_child=1 4 5 -5 -6 8 -8 -9 -10
leaf_value=-0.018276740485449208 0.038960384317970942 0.018460778613572256 -0.048736152382577516 0.019666267992309749 -0.019000117604600186 0.0019304143820799953 0.049295516192183045 -0.0019811380767922855 -0.037643003346015017
leaf_count=90080 45151 90088 90141 89701 90055 45218 89773 44877 44916
internal_value=0 0.325253 -0.321881 0.00626012 -0.00381422 -0.653994 0.662429 0.362138 -0.353127
internal_count=720000 359944 360056 179781 180143 180275 179801 90028 90134
shrinkage=0.05


Tree=34
num_leaves=10
num_cat=0
split_feature=8 5 0 1 9 6 7 1 7
split_gain=16472.1 8800.28 8555.88 5828.92 5693.01 3679.73 3388.97 3028.16 2985.56
threshold=1.0000000180025095e-35 1.0000000180025095e-35 1.0000000180025095e-35 1.0000000180025095e-35 1.0000000180025095e-35 1.0000000180025095e-35 1.0000000180025095e-35 1.0000000180025095e-35 1.0000000180025095e-35
decision_type=2 2 2 2 2 2 2 2 2
left_child=1 4 5 8 -1 -2 -3 -6 -4
right_child=2 6 3 -5 7 -7 -8 -9 -10
leaf_value=0.018725426363356355 -0.017846203410306277 0.019129372445275027 0.00079627615624902636 -0.018555988548034637 0.00031393355912960499 -0.048394052467262541 0.048766225657909001 -0.038158521958337521 0.039419247747411901
leaf_count=90253 89870 89961 44793 90103 44942 90327 90061 45126 44564
internal_value=0 0.323004 -0.31969 0.00228453 -0.00159108 -0.65125 0.664578 -0.373528 0.386198
internal_count=720000 360343 359657 179460 180321 180197 180022 90068 89357
shrinkage=0.05


Tree=35
num_leaves=10
num_cat=0
split_feature=10 5 2 0 9 7 6 1 6
split_gain=16103.8 8450.58 8156.93 5366.97 5178.14 3480.62 3389.98 2990.15 2934.08
threshold=1.0000000180025095e-35 1.0000000180025095e-35 1.0000000180025095e-35 1.0000000180025095e-35 1.0000000180025095e-35 1.0000000180025095e-35 1.0000000180025095e-35 1.0000000180025095e-35 1.0000000180025095e-35
decision_type=2 2 2 2 2 2 2 2 2
left_child=2 5 4 -3 -1 -2 -4 -8 -7
right_child=1 3 6 -5 -6 8 7 -9 -10
leaf_value=0.0182905660375761 -0.047603657997750522 -0.017621248609600043 0.047845808421391293 0.01886048566034321 -0.017642240740683979 0.0010145695529775547 0.037927325680185385 -0.00060543255178572468 -0.036881570564042086
leaf_count=90093 89946 90138 89559 90137 90068 45053 44795 44899 45312
internal_value=0 -0.315057 0.322153 0.00679296 0.00597657 -0.644163 0.649264 0.365007 -0.357592
internal_count=720000 360586 359414 180275 180161 180311 179253 89694 90365
shrinkage=0.05


Tree=36
num_leaves=10
num_cat=0
split_feature=11 8 2 10 0 1 1 6 1
split_gain=15394.7 8311.68 8116.4 5304.91 5253.41 3581.59 3538.08 3080.71 2996.71
threshold=1.0000000180025095e-35 1.0000000180025095e-35 1.0000000180025095e-35 1.0000000180025095e-35 1.0000000180025095e-35 1.0000000180025095e-35 1.0000000180025095e-35 1.0000000180025095e-35 1.0000000180025095e-35
decision_type=2 2 2 2 2 2 2 2 2
left_child=1 4 3 -2 8 -4 -3 -7 -1
right_child=2 6 5 -5 -6 7 -8 -9 -10
leaf_value=0.0014714939383948054 0.018068685620622877 -0.017320379826261757 0.047955927330123611 -0.018449143567860173 0.018982527835439446 0.037459583467977807 -0.047360163385051973 -0.00153634312985901 -0.036858449019513094
leaf_count=45523 89933 90058 89818 89997 90386 44958 89622 45233 44472
internal_value=0 -0.308989 0.315472 -0.0018686 0.0112017 0.641052 -0.63608 0.350643 -0.344329
internal_count=720000 360061 359939 179930 180381 180009 179680 90191 89995
shrinkage=0.05


Tree=37
num_leaves=10
num_cat=0
split_feature=9 7 7 6 6 1 2 0 8
split_gain=15540 8150.3 7992.92 5508.76 5326.76 3435.97 3189.79 2900.97 2885.01
threshold=1.0000000180025095e-35 1.0000000180025095e-35 1.0000000180025095e-35 1.0000000180025095e-35 1.0000000180025095e-35 1.0000000180025095e-35 1.0000000180025095e-35 1.0000000180025095e-35 1.0000000180025095e-35
decision_type=2 2 2 2 2 2 2 2 2
left_child=1 3 5 -1 -4 7 -3 -2 -5
right_child=2 6 4 8 -6 -7 -8 -9 -10
leaf_value=0.018677612512386404 -0.036740301638120546 0.018538672676242592 0.018557841601263933 0.00015439955558024134 -0.017947364051414481 -0.047359683120963676 0.047475194589691537 0.0010198983370866149 -0.037709210718226666
leaf_count=89992 45420 90348 89838 45091 90156 89545 89937 44795 44878
internal_value=0 0.31693 -0.311959 0.00267785 0.00191758 -0.635077 0.647915 -0.351595 -0.366853
internal_count=720000 360246 359754 179961 179994 179760 180285 90215 89969
shrinkage=0.05


Tree=38
num_leaves=10
num_cat=0
split_feature=5 0 10 8 1 6 8 11 1
split_gain=15376.5 8067.03 7584.84 5208.57 5000.48 3307.95 3112.7 2826.21 2798.33
threshold=1.0000000180025095e-35 1.0000000180025095e-35 1.0000000180025095e-35 1.0000000180025095e-35 1.0000000180025095e-35 1.0000000180025095e-35 1.0000000180025095e-35 1.0000000180025095e-35 1.0000000180025095e-35
decision_type=2 2 2 2 2 2 2 2 2
left_child=1 5 6 8 -4 -1 -2 -6 -3
right_child=2 3 4 -5 7 -7 -8 -9 -10
leaf_value=-0.017846509001002386 0.046756176361645307 0.03806693175517939 0.018624094269955569 -0.017730488338075005 -0.035638971565397491 -0.047140392085199601 0.018107693889864891 0.0016700679602455457 0.00044727402526699911
leaf_count=90131 90313 44824 89911 89410 44972 90187 89729 45392 45131
internal_value=0 -0.310851 0.316351 0.00475559 0.0116467 -0.636512 0.636032 -0.33596 0.36838
internal_count=720000 359683 360317 179365 180275 180318 180042 90364 89955
shrinkage=0.05


Tree=39
num_leaves=10
num_cat=0
split_feature=2 7 9 1 11 6 0 0 0
split_gain=14611.3 7613.39 7467.03 4959.09 4844.3 3332.23 3061.35 2850.64 2755.65
threshold=1.0000000180025095e-35 1.0000000180025095e-35 1.0000000180025095e-35 1.0000000180025095e-35 1.0000000180025095e-35 1.0000000180025095e-35 1.0000000180025095e-35 1.0000000180025095e-35 1.0000000180025095e-35
decision_type=2 2 2 2 2 2 2 2 2
left_child=1 5 6 -3 -4 7 -2 -1 -5
right_child=2 3 4 8 -6 -7 -8 -9 -10
leaf_value=-0.036095677107066126 0.017886875691131471 0.018159489247442224 -0.017231663094088152 -0.036214062535584485 0.017747491545222205 -0.046473210002625352 0.046380498521751225 0.0015578322836686373 0.00073236261476046971
leaf_count=45122 90359 90312 89739 44763 89918 89823 89704 44836 45424
internal_value=0 -0.303616 0.309367 0.00346753 0.00582455 -0.620919 0.627144 -0.33988 -0.343722
internal_count=720000 360280 359720 180499 179657 179781 180063 89958 90187
shrinkage=0.05


Tree=40
num_leaves=10
num_cat=0
split_feature=8 10 6 1 0 5 5 7 0
split_gain=14156.7 7572.16 7384.62 4923.07 4822.86 3312.75 3101.66 2842.07 2679.09
threshold=1.0000000180025095e-35 1.0000000180025095e-35 1.0000000180025095e-35 1.0000000180025095e-35 1.0000000180025095e-35 1.0000000180025095e-35 1.0000000180025095e-35 1.0000000180025095e-35 1.0000000180025095e-35
decision_type=2 2 2 2 2 2 2 2 2
left_child=2 3 6 -2 -4 -3 -1 -5 -7
right_child=1 5 4 7 -6 8 -8 -9 -10
leaf_value=0.017564017508256546 0.018133498090427629 -0.046062052788465396 -0.017173306466590457 -0.036676201586085116 0.017756548660749449 -0.035235157113744489 0.046415574138125165 0.0013222466564816785 0.0012921372008679655
leaf_count=90248 89649 90026 89858 44923 90155 45256 90076 44512 45297
internal_value=0 -0.299843 0.305041 0.0086542 0.00372539 -0.61507 0.623709 -0.344723 -0.334125
internal_count=720000 359663 360337 179084 180013 180579 180324 89435 90553
shrinkage=0.05


Tree=41
num_leaves=10
num_cat=0
split_feature=9 2 1 7 7 10 11 5 1
split_gain=13963 7466.43 7453.2 5079.9 4799.96 3145.33 2855.98 2653.7 2588.69
threshold=1.0000000180025095e-35 1.0000000180025095e-35 1.0000000180025095e-35 1.0000000180025095e-35 1.0000000180025095e-35 1.0000000180025095e-35 1.0000000180025095e-35 1.0000000180025095e-35 1.0000000180025095e-35
decision_type=2 2 2 2 2 2 2 2 2
left_child=2 5 6 7 8 -2 -1 -4 -3
right_child=1 4 3 -5 -6 -7 -8 -9 -10
leaf_value=0.017966646730847732 -0.016814803108888238 0.00047058145835184674 -0.036572353163874916 0.018014707230564767 0.01783265018975887 -0.045603834871017733 0.045773846130907958 6.6495611118291401e-06 -0.03577403745829151
leaf_count=90284 89954 45024 45058 89952 89959 90290 89704 45096 44679
internal_value=0 -0.299149 0.303156 0.00192789 0.00625424 -0.615357 0.625971 -0.355588 -0.342047
internal_count=720000 359906 360094 180106 179662 180244 179988 90154 89703
shrinkage=0.05


Tree=42
num_leaves=10
num_cat=0
split_feature=11 5 0 6 6 10 6 1 8
split_gain=13777 7312.08 7082.93 4722.31 4556.67 3055.59 3020.64 2564.79 2547.22
threshold=1.0000000180025095e-35 1.0000000180025095e-35 1.0000000180025095e-35 1.0000000180025095e-35 1.0000000180025095e-35 1.0000000180025095e-35 1.0000000180025095e-35 1.0000000180025095e-35 1.0000000180025095e-35
decision_type=2 2 2 2 2 2 2 2 2
left_child=1 6 3 -2 -3 -4 7 -1 -6
right_child=2 4 5 -5 8 -7 -8 -9 -10
leaf_value=0.00084293378766652134 0.017587046982483836 0.017609904158628925 0.045732194141304687 -0.017191391082941484 0.0011133660081136412 0.017016091114027899 -0.045219988532653327 -0.035172136224640771 -0.034725231406469152
leaf_count=44928 90299 90097 89712 90010 45136 89961 89939 44815 45103
internal_value=0 -0.297424 0.302279 0.0049172 0.00598419 0.615001 -0.610134 -0.33966 -0.330491
internal_count=720000 360018 359982 180309 180336 179673 179682 89743 90239
shrinkage=0.05


Tree=43
num_leaves=10
num_cat=0
split_feature=7 0 8 5 0 1 10 9 9
split_gain=13250.8 7023.17 6992.04 4729.48 4708.7 3032.72 2877.17 2577.48 2535.21
threshold=1.0000000180025095e-35 1.0000000180025095e-35 1.0000000180025095e-35 1.0000000180025095e-35 1.0000000180025095e-35 1.0000000180025095e-35 1.0000000180025095e-35 1.0000000180025095e-35 1.0000000180025095e-35
decision_type=2 2 2 2 2 2 2 2 2
left_child=1 5 6 8 7 -1 -2 -4 -3
right_child=2 3 4 -5 -6 -7 -8 -9 -10
leaf_value=-0.01680901834719228 0.045275660815140797 0.00054334971395780124 0.00074519170006753354 0.017614150363043073 0.017731828648943789 -0.045359957113513094 0.017213775387456661 -0.035215523993226298 -0.035321213669351134
leaf_count=90718 90054 44772 45054 89846 89594 89474 90246 45310 44932
internal_value=0 -0.29299 0.296547 0.00275782 0.00375204 -0.60321 0.610941 -0.337457 -0.342523
internal_count=720000 359742 360258 179550 179958 180192 180300 90364 89704
shrinkage=0.05


Tree=44
num_leaves=10
num_cat=0
split_feature=2 5 6 1 1 1 9 11 8
split_gain=13275.7 6971.12 6920.12 4558.93 4395.3 2922.91 2801.26 2598.9 2510.78
threshold=1.0000000180025095e-35 1.0000000180025095e-35 1.0000000180025095e-35 1.0000000180025095e-35 1.0000000180025095e-35 1.0000000180025095e-35 1.0000000180025095e-35 1.0000000180025095e-35 1.0000000180025095e-35
decision_type=2 2 2 2 2 2 2 2 2
left_child=1 5 6 -4 -3 8 -2 -6 -1
right_child=2 4 3 -5 7 -7 -8 -9 -10
leaf_value=0.00075719191435494933 0.045097759437783609 0.017228569659104902 0.017345819354716976 -0.016913275001061861 -0.034668841971727982 -0.044869405132869626 0.017405354504603385 0.001591913991632582 -0.034993967556962206
leaf_count=45189 89607 90096 89942 90168 45246 89858 89764 45059 45071
internal_value=0 -0.293829 0.297843 0.00376622 0.00256508 -0.602457 0.609581 -0.328026 -0.336997
internal_count=720000 360519 359481 180110 180401 180118 179371 90305 90260
shrinkage=0.05


Tree=45
num_leaves=10
num_cat=0
split_feature=10 11 9 8 8 4 1 7 9
split_gain=13198.9 6641.64 6589.86 4331.62 4261.52 2971.4 2725.14 2699.54 2354.36
threshold=1.0000000180025095e-35 1.0000000180025095e-35 1.0000000180025095e-35 1.0000000180025095e-35 1.0000000180025095e-35 1.0000000180025095e-35 1.0000000180025095e-35 1.0000000180025095e-35 1.0000000180025095e-35
decision_type=2 2 2 2 2 2 2 2 2
left_child=2 5 7 8 -4 -2 -7 -1 -3
right_child=1 3 4 -5 -6 6 -8 -9 -10
leaf_value=0.017275371739474479 -0.043627902792847811 0.034790111260369336 0.01719956592122979 -0.016807943139266101 -0.016090352670842856 0.0027741181870809123 -0.035224314880407143 0.044555121436661266 -0.00027100325475192379
leaf_count=89851 90063 44961 89717 90301 89848 45284 45009 89902 45064
internal_value=0 -0.293343 0.298143 -0.000350865 0.00949742 -0.591313 -0.3112 0.603191 0.335928
internal_count=720000 360682 359318 180326 179565 180356 90293 179753 90025
shrinkage=0.05


Tree=46
num_leaves=10
num_cat=0
split_feature=6 0 8 5 2 7 7 1 1
split_gain=12437.1 6776.7 6588.48 4392.67 4249.94 2887.39 2741.33 2453.18 2444.16
threshold=1.0000000180025095e-35 1.0000000180025095e-35 1.0000000180025095e-35 1.0000000180025095e-35 1.0000000180025095e-35 1.0000000180025095e-35 1.0000000180025095e-35 1.0000000180025095e-35 1.0000000180025095e-35
decision_type=2 2 2 2 2 2 2 2 2
left_child=1 3 4 -1 -2 -4 8 -7 -3
right_child=2 6 5 -5 -6 7 -8 -9 -10
leaf_value=-0.016716300287086511 -0.016386180703877925 0.036134529208203058 -0.04438519668368477 0.016871494407077726 0.01677793082045884 0.00070400497577504273 0.045049964660847402 -0.034644434743154179 0.00049863448014953338
leaf_count=90238 89949 44563 89555 90249 90270 45176 89547 45134 45319
internal_value=0 0.288995 -0.286286 0.000112195 0.00225116 -0.588667 0.602566 -0.326802 0.346498
internal_count=720000 359916 360084 180487 180219 179865 179429 90310 89882
shrinkage=0.05


Tree=47
num_leaves=10
num_cat=0
split_feature=11 10 9 5 1 0 5 2 2
split_gain=12216.7 6460.58 6455.52 4138.64 4081.93 2796.78 2729.72 2391.16 2334.2
threshold=1.0000000180025095e-35 1.0000000180025095e-35 1.0000000180025095e-35 1.0000000180025095e-35 1.0000000180025095e-35 1.0000000180025095e-35 1.0000000180025095e-35 1.0000000180025095e-35 1.0000000180025095e-35
decision_type=2 2 2 2 2 2 2 2 2
left_child=2 6 4 -3 -1 -4 -2 -6 -5
right_child=1 3 5 8 7 -7 -8 -9 -10
leaf_value=0.016812570311133583 0.016549929691722389 -0.016629995077751213 -0.043401127383307925 -0.00060612042460631281 -0.033784789266586339 -0.015893956927437555 0.044013608143761325 0.0014096427936431842 0.034331089306577835
leaf_count=90381 90204 90001 90063 45221 45063 89518 89644 44801 45104
internal_value=0 0.287358 -0.284382 -0.000671923 0.0045483 -0.581765 0.588986 -0.318381 0.327106
internal_count=720000 360174 359826 180326 180245 179581 179848 89864 90325
shrinkage=0.05


Tree=48
num_leaves=10
num_cat=0
split_feature=7 0 5 6 10 8 2 0 9
split_gain=11917.5 6404.23 6301.54 4222.97 4175.01 2748.24 2592.32 2449.82 2309.59
threshold=1.0000000180025095e-35 1.0000000180025095e-35 1.0000000180025095e-35 1.0000000180025095e-35 1.0000000180025095e-35 1.0000000180025095e-35 1.0000000180025095e-35 1.0000000180025095e-35 1.0000000180025095e-35
decision_type=2 2 2 2 2 2 2 2 2
left_child=1 5 3 -2 -3 -1 -4 -5 -6
right_child=2 4 6 7 8 -7 -8 -9 -10
leaf_value=-0.016223437574255803 0.016956468980706043 0.016811366481062847 0.016653762561581981 -0.034455835953593285 0.00092240384987265708 -0.043761216612820376 0.043657682871482612 0.00103195184517011 -0.033649229267094016
leaf_count=90257 89711 89613 90500 45038 44670 89935 89901 45315 45060
internal_value=0 -0.281776 0.284178 0.00319342 0.00345957 -0.582252 0.586802 -0.323935 -0.323833
internal_count=720000 359535 360465 180064 179343 180192 180401 90353 89730
shrinkage=0.05


Tree=49
num_leaves=10
num_cat=0
split_feature=1 9 8 2 6 0 0 8 11
split_gain=11602 6315.36 6233 4125.45 4081.54 2716 2632.78 2287.88 2261.94
threshold=1.0000000180025095e-35 1.0000000180025095e-35 1.0000000180025095e-35 1.0000000180025095e-35 1.0000000180025095e-35 1.0000000180025095e-35 1.0000000180025095e-35 1.0000000180025095e-35 1.0000000180025095e-35
decision_type=2 2 2 2 2 2 2 2 2
left_child=2 4 6 -4 -2 -3 -1 -7 -5
right_child=1 5 3 8 -6 7 -8 -9 -10
leaf_value=0.016788720373095919 0.016566245508973728 -0.04359679356031762 -0.01623682243188428 -0.00015059285942373946 -0.016111323604384026 0.00043630777183950353 0.044202092888336098 -0.033865492415627328 0.034349735727375534
leaf_count=90833 90226 89396 89931 44924 89856 45376 89484 45020 44954
internal_value=0 -0.278222 0.281635 0.00188495 0.00537603 -0.577219 0.584409 -0.323028 0.332113
internal_count=720000 359874 360126 179809 180082 179792 180317 90396 89878
shrinkage=0.05


Tree=50
num_leaves=10
num_cat=0
split_feature=10 2 5 6 11 11 8 6 9
split_gain=11561.9 6142.78 6123.58 3946.05 3916.02 2587.04 2529.79 2213.76 2166.15
threshold=1.0000000180025095e-35 1.0000000180025095e-35 1.0000000180025095e-35 1.0000000180025095e-35 1.0000000180025095e-35 1.0000000180025095e-35 1.0000000180025095e-35 1.0000000180025095e-35 1.0000000180025095e-35
decision_type=2 2 2 2 2 2 2 2 2
left_child=1 4 5 -4 -1 -2 -3 -6 -5
right_child=2 6 3 8 7 -7 -8 -9 -10
leaf_value=-0.016103458681826287 -0.042160540674881272 0.04325672422132968 0.016482975821495063 0.00063915388410572998 0.033930592268237393 -0.015503104477537034 0.016496201708610121 -0.00041906247382810457 -0.0330508612814377
leaf_count=90136 90543 89995 90182 45142 45121 89993 89335 44685 44868
internal_value=0 0.283102 -0.277254 0.00424979 0.00116776 -0.56999 0.581618 0.323922 -0.315864
internal_count=720000 359272 360728 180192 179942 180536 179330 89806 90010
shrinkage=0.05


Tree=51
num_leaves=10
num_cat=0
split_feature=7 5 0 8 2 6 1 1 9
split_gain=11215.8 6060.02 5901.26 4060.43 3870.8 2663.64 2545.8 2201.49 2181.13
threshold=1.0000000180025095e-35 1.0000000180025095e-35 1.0000000180025095e-35 1.0000000180025095e-35 1.0000000180025095e-35 1.0000000180025095e-35 1.0000000180025095e-35 1.0000000180025095e-35 1.0000000180025095e-35
decision_type=2 2 2 2 2 2 2 2 2
left_child=1 5 3 8 -3 -1 -4 -5 -2
right_child=2 4 6 7 -6 -7 -8 -9 -10
leaf_value=-0.015729059063319253 0.034453766476273934 -0.015668595348005597 0.043683492455649293 0.00029780437299127424 0.016288815533958254 -0.043062862737517998 0.016531326855737365 -0.033574241334269249 0.00042556450913772983
leaf_count=90156 44863 89793 89686 45295 90043 89838 90409 44934 44983
internal_value=0 -0.2747 0.278371 0.0062871 0.00399545 -0.56968 0.57566 -0.317078 0.335922
internal_count=720000 359830 360170 180075 179836 179994 180095 90229 89846
shrinkage=0.05


Tree=52
num_leaves=10
num_cat=0
split_feature=11 9 5 10 6 6 1 2 7
split_gain=11017.7 5882.6 5776.63 3866.76 3765.73 2544.93 2499.32 2135.65 2075.53
threshold=1.0000000180025095e-35 1.0000000180025095e-35 1.0000000180025095e-35 1.0000000180025095e-35 1.0000000180025095e-35 1.0000000180025095e-35 1.0000000180025095e-35 1.0000000180025095e-35 1.0000000180025095e-35
decision_type=2 2 2 2 2 2 2 2 2
left_child=2 6 5 -4 7 -1 -2 -3 -5
right_child=1 4 3 8 -6 -7 -8 -9 -10
leaf_value=-0.015410607966422128 0.042773104666683257 -0.00069136131903539905 0.016337702158358301 -0.032410526248219433 -0.01597446707917129 -0.042073873849870436 0.016078217503276478 0.033100400605563525 0.00070739501168853988
leaf_count=90015 89698 45062 90139 44953 89925 89886 90194 45113 45015
internal_value=0 0.276848 -0.272805 0.00199613 -0.000180345 -0.559318 0.569705 0.316325 -0.315938
internal_count=720000 359992 360008 180107 180100 179901 179892 90175 89968
shrinkage=0.05


Tree=53
num_leaves=10
num_cat=0
split_feature=8 2 0 2 0 5 6 6 1
split_gain=10793 5759.91 5723.99 3863.57 3803.46 2494.04 2411.03 2133.83 2119.51
threshold=1.0000000180025095e-35 1.0000000180025095e-35 1.0000000180025095e-35 1.0000000180025095e-35 1.0000000180025095e-35 1.0000000180025095e-35 1.0000000180025095e-35 1.0000000180025095e-35 1.0000000180025095e-35
decision_type=2 2 2 2 2 2 2 2 2
left_child=2 5 3 -1 8 -2 -4 -7 -3
right_child=1 4 6 -5 -6 7 -8 -9 -10
leaf_value=-0.015590543244545558 -0.041935513594546968 0.00038504498422133634 0.042811307936171092 0.016409066472178404 0.016286587008545083 0.00077468213903693144 0.016261610911988821 -0.032735108539242018 -0.033240520525271933
leaf_count=90110 90053 45247 89820 90291 89346 45158 90089 45091 44795
internal_value=0 -0.270466 0.274746 0.00573459 0.00434072 -0.55725 0.569637 -0.309481 -0.312745
internal_count=720000 359690 360310 180401 179388 180302 179909 90249 90042
shrinkage=0.05


Tree=54
num_leaves=10
num_cat=0
split_feature=9 10 7 1 10 1 5 6 0
split_gain=10725.1 5649.54 5583.1 3751.57 3727.6 2537.92 2284.55 2068.39 2031.55
threshold=1.0000000180025095e-35 1.0000000180025095e-35 1.0000000180025095e-35 1.0000000180025095e-35 1.0000000180025095e-35 1.0000000180025095e-35 1.0000000180025095e-35 1.0000000180025095e-35 1.0000000180025095e-35
decision_type=2 2 2 2 2 2 2 2 2
left_child=1 6 5 -3 -4 7 -1 -2 -5
right_child=2 3 4 8 -6 -7 -8 -9 -10
leaf_value=0.016230686522436331 0.00052520375931667683 0.016310902044743364 0.016009452223431316 -0.032417075937416322 -0.015618331536276979 -0.042183151550070005 0.041983582675897045 -0.032471913071379692 0.0003903240113662422
leaf_count=89846 45428 90290 89754 44992 90260 89590 89813 44815 45212
internal_value=0 0.274369 -0.270507 0.00410522 -0.000389862 -0.554955 0.565348 -0.306585 -0.308598
internal_count=720000 360153 359847 180494 180014 179833 179659 90243 90204
shrinkage=0.05


Tree=55
num_leaves=10
num_cat=0
split_feature=6 0 2 1 1 8 7 7 2
split_gain=10203.9 5511.74 5444.29 3785.8 3583.57 2445.19 2391.36 2158.73 2062.58
threshold=1.0000000180025095e-35 1.0000000180025095e-35 1.0000000180025095e-35 1.0000000180025095e-35 1.0000000180025095e-35 1.0000000180025095e-35 1.0000000180025095e-35 1.0000000180025095e-35 1.0000000180025095e-35
decision_type=2 2 2 2 2 2 2 2 2
left_child=2 6 4 -3 -1 -4 -2 -7 -5
right_child=1 3 5 8 -6 7 -8 -9 -10
leaf_value=0.016012708215193124 -0.041641031621206415 0.016292815320417979 0.042129671821001913 -0.032513459682242861 -0.015038584954033747 -0.00089488637010946132 -0.015397390170221709 0.033319238592153994 0.00052716911405195665
leaf_count=89981 89922 89768 89854 45326 90453 44923 90088 44566 45119
internal_value=0 -0.264692 0.268116 0.00269873 0.00291059 0.554977 -0.550127 0.307679 -0.311489
internal_count=720000 360223 359777 180213 180434 179343 180010 89489 90445
shrinkage=0.05


Tree=56
num_leaves=10
num_cat=0
split_feature=11 5 9 7 8 5 8 8 9
split_gain=10292.9 5499.98 5310.22 3460.1 3457.23 2461.62 2306.33 1998.38 1934.92
threshold=1.0000000180025095e-35 1.0000000180025095e-35 1.0000000180025095e-35 1.0000000180025095e-35 1.0000000180025095e-35 1.0000000180025095e-35 1.0000000180025095e-35 1.0000000180025095e-35 1.0000000180025095e-35
decision_type=2 2 2 2 2 2 2 2 2
left_child=2 4 3 -1 -2 -4 -3 -7 -6
right_child=1 6 5 -5 8 7 -8 -9 -10
leaf_value=-0.01517401290151372 0.015364510131813357 0.041788722456722625 -0.041062194307615672 0.015554693043521139 0.00019974715385174372 0.0015708418981235585 0.015821404764502469 -0.031207280486035629 -0.032360945677887297
leaf_count=90015 90306 89918 89819 90275 44976 44871 89988 44943 44889
internal_value=0 0.270475 -0.266071 0.000599066 0.00115382 -0.542764 0.557887 -0.292498 -0.306718
internal_count=720000 360077 359923 180290 180171 179633 179906 89814 89865
shrinkage=0.05


Tree=57
num_leaves=10
num_cat=0
split_feature=10 7 1 0 1 0 11 5 6
split_gain=10121.9 5279.41 5129.41 3560.07 3445.8 2373.8 2332.38 2045.17 1972.24
threshold=1.0000000180025095e-35 1.0000000180025095e-35 1.0000000180025095e-35 1.0000000180025095e-35 1.0000000180025095e-35 1.0000000180025095e-35 1.0000000180025095e-35 1.0000000180025095e-35 1.0000000180025095e-35
decision_type=2 2 2 2 2 2 2 2 2
left_child=2 5 6 -4 -3 -2 -1 -6 -7
right_child=1 4 3 -5 7 8 -8 -9 -10
leaf_value=0.015207462981310755 -0.040986209460989645 0.015704051673531075 -0.015313500945475476 0.015939559830645104 -0.031828642643215214 0.0008614121298049142 0.041449966428252542 0.0010171386306570157 -0.031708135320010537
leaf_count=90232 90316 89874 89188 89955 45300 44875 89913 45477 44870
internal_value=0 -0.263448 0.269814 0.0091766 0.000177399 -0.541892 0.549084 -0.296956 -0.297622
internal_count=720000 360712 359288 179143 180651 180061 180145 90777 89745
shrinkage=0.05


Tree=58
num_leaves=10
num_cat=0
split_feature=2 5 8 8 5 6 9 6 7
split_gain=9877.59 5279.04 5114.9 3479.74 3380.82 2318.36 2223.34 1934.52 1921.72
threshold=1.0000000180025095e-35 1.0000000180025095e-35 1.0000000180025095e-35 1.0000000180025095e-35 1.0000000180025095e-35 1.0000000180025095e-35 1.0000000180025095e-35 1.0000000180025095e-35 1.0000000180025095e-35
decision_type=2 2 2 2 2 2 2 2 2
left_child=1 5 6 -3 -4 8 -2 -5 -1
right_child=2 3 4 7 -6 -7 -8 -9 -10
leaf_value=-0.031483094959768053 0.041164887071850648 0.015768678002148116 -0.014867430720359323 0.00051839031716092662 0.015554744706266386 -0.040909068696725254 0.015433445793171484 -0.031727819156980155 0.00072024599342510346
leaf_count=45137 90222 89887 89483 45206 89935 90192 89906 45025 45007
internal_value=0 -0.261532 0.266548 0.00282021 0.00721552 -0.541221 0.547147 -0.300488 -0.299944
internal_count=720000 360454 359546 180118 179418 180336 180128 90231 90144
shrinkage=0.05


Tree=59
num_leaves=10
num_cat=0
split_feature=9 0 0 1 11 10 1 7 8
split_gain=9480.71 5100.13 5071.22 3388.39 3376.96 2335.24 2253.27 1985.43 1902
threshold=1.0000000180025095e-35 1.0000000180025095e-35 1.0000000180025095e-35 1.0000000180025095e-35 1.0000000180025095e-35 1.0000000180025095e-35 1.0000000180025095e-35 1.0000000180025095e-35 1.0000000180025095e-35
decision_type=2 2 2 2 2 2 2 2 2
left_child=1 4 5 -4 8 -2 -3 -8 -1
right_child=2 6 3 -5 -6 -7 7 -9 -10
leaf_value=0.0006613930707061893 -0.01431444764956025 0.041562503491005494 0.015686716553505606 -0.014797395765392766 0.015430109358217337 -0.040402879597447677 -0.00023579295397097423 0.032582521502224508 -0.03148685347975954
leaf_count=45020 90192 89678 89200 90314 90100 89960 45297 45201 45038
internal_value=0 0.261157 -0.257446 0.00233151 0.00339801 -0.532802 0.543365 0.309508 -0.298553
internal_count=720000 360334 359666 179514 180158 180152 180176 90498 90058
shrinkage=0.05


Tree=60
num_leaves=10
num_cat=0
split_feature=6 7 7 10 5 1 1 8 1
split_gain=9368.72 5066.75 4987.39 3289.49 3281.87 2257.08 2169.57 1862.2 1850.98
threshold=1.0000000180025095e-35 1.0000000180025095e-35 1.0000000180025095e-35 1.0000000180025095e-35 1.0000000180025095e-35 1.0000000180025095e-35 1.0000000180025095e-35 1.0000000180025095e-35 1.0000000180025095e-35
decision_type=2 2 2 2 2 2 2 2 2
left_child=1 4 5 -4 -1 -2 -3 -5 -6
right_child=2 6 3 7 8 -7 -8 -9 -10
leaf_value=-0.014786440265258586 -0.014837117702654473 0.041241909405353834 0.015103918052738708 0.00059423359655708639 0.032013139908199033 -0.040769863830259157 0.015561035185249357 -0.03107445664666755 0.00016050452864535352
leaf_count=89923 89824 89880 89891 45270 45018 89814 89750 45430 45200
internal_value=0 0.259266 -0.257488 -0.00189387 0.00297932 -0.534549 0.542054 -0.297299 0.302565
internal_count=720000 359771 360229 180591 180141 179638 179630 90700 90218
shrinkage=0.05


Tree=61
num_leaves=10
num_cat=0
split_feature=11 2 2 8 10 0 0 7 4
split_gain=9411.37 4885.09 4838.66 3187.33 3187.24 2271.15 2258.02 1839.04 1816.67
threshold=1.0000000180025095e-35 1.0000000180025095e-35 1.0000000180025095e-35 1.0000000180025095e-35 1.0000000180025095e-35 1.0000000180025095e-35 1.0000000180025095e-35 1.0000000180025095e-35 1.0000000180025095e-35
decision_type=2 2 2 2 2 2 2 2 2
left_child=2 3 5 -2 -4 -1 7 -3 -7
right_child=1 6 4 -5 -6 8 -8 -9 -10
leaf_value=-0.039670368521700264 0.015138978759313446 -0.00064550839635432278 0.015154851500201311 -0.014778778117743779 -0.014741035658730604 -0.029840529452883964 0.040751432735383203 0.031241242428302108 0.0016789669005193358
leaf_count=90164 89787 45005 89404 90082 90213 45118 89619 45279 45329
internal_value=0 0.261715 -0.257593 0.00359827 0.00107567 -0.523423 0.535077 0.295195 -0.281024
internal_count=720000 359772 360228 179869 179617 180611 179903 90284 90447
shrinkage=0.05


Tree=62
num_leaves=10
num_cat=0
split_feature=5 9 10 8 8 6 9 8 9
split_gain=9075.29 4852.69 4829.62 3148.84 3102.78 2215.58 2062.77 1788.58 1772.72
threshold=1.0000000180025095e-35 1.0000000180025095e-35 1.0000000180025095e-35 1.0000000180025095e-35 1.0000000180025095e-35 1.0000000180025095e-35 1.0000000180025095e-35 1.0000000180025095e-35 1.0000000180025095e-35
decision_type=2 2 2 2 2 2 2 2 2
left_child=1 3 6 -1 -4 7 -2 -3 -6
right_child=2 5 4 -5 8 -7 -8 -9 -10
leaf_value=0.01497339797101282 0.04006383731351211 0.00065672297119626034 0.015084853915139602 -0.014622189098019718 0.00092251417352742261 -0.040135774870701343 0.015057894080310989 -0.03068036079068398 -0.0301599024094753
leaf_count=90204 89864 45064 89822 89899 45224 89828 90032 44829 45234
internal_value=0 -0.254507 0.256414 0.00133723 0.0031257 -0.526242 0.531702 -0.289496 -0.284954
internal_count=720000 359824 360176 180103 180280 179721 179896 89893 90458
shrinkage=0.05


Tree=63
num_leaves=10
num_cat=0
split_feature=1 0 2 6 0 11 11 7 10
split_gain=8773.68 5000.25 4695.54 3179.13 3152.1 2121.12 2067.45 1827.46 1795.44
threshold=1.0000000180025095e-35 1.0000000180025095e-35 1.0000000180025095e-35 1.0000000180025095e-35 1.0000000180025095e-35 1.0000000180025095e-35 1.0000000180025095e-35 1.0000000180025095e-35 1.0000000180025095e-35
decision_type=2 2 2 2 2 2 2 2 2
left_child=2 5 4 -3 8 -2 -4 -7 -1
right_child=1 3 6 -5 -6 7 -8 -9 -10
leaf_value=0.0010818309375476014 -0.040067893817238805 0.015029712701118261 0.014692556672884487 -0.014483892444404144 0.015490420372891245 -0.031622368046562668 0.039854398882762043 0.00047761193731737922 -0.030071248338779496
leaf_count=45539 89167 90279 90026 90412 89655 44789 89726 45122 45285
internal_value=0 -0.249875 0.253668 0.00567065 0.00340748 -0.530445 0.526864 -0.294916 -0.283602
internal_count=720000 359769 360231 180691 180479 179078 179752 89911 90824
shrinkage=0.05


Tree=64
num_leaves=10
num_cat=0
split_feature=10 5 6 7 8 7 7 9 1
split_gain=8597.47 4717.39 4715.75 3067.61 3028.71 2056.94 2054.18 1697.78 1696
threshold=1.0000000180025095e-35 1.0000000180025095e-35 1.0000000180025095e-35 1.0000000180025095e-35 1.0000000180025095e-35 1.0000000180025095e-35 1.0000000180025095e-35 1.0000000180025095e-35 1.0000000180025095e-35
decision_type=2 2 2 2 2 2 2 2 2
left_child=2 6 5 -3 -4 7 -2 -1 -8
right_child=1 3 4 -5 -6 -7 8 -9 -10
leaf_value=0.03095878504770155 -0.039107144230424482 -0.014181978596575226 0.014616158655493603 0.015097428137143801 -0.014630356939267725 0.03996431798606729 0.0004899048312150357 6.8897560898532442e-05 -0.030057607746977202
leaf_count=45039 89986 90017 89876 90263 89610 89640 45179 45142 45248
internal_value=0 -0.247415 0.252296 0.00553879 -0.00071954 0.525651 -0.515559 0.296291 -0.28732
internal_count=720000 360693 359307 180280 179486 179821 180413 90181 90427
shrinkage=0.05


Tree=65
num_leaves=10
num_cat=0
split_feature=9 2 11 1 8 1 6 0 8
split_gain=8464.05 4676.33 4493.82 2984.03 2979.99 2053.52 2045.53 1753.53 1718.05
threshold=1.0000000180025095e-35 1.0000000180025095e-35 1.0000000180025095e-35 1.0000000180025095e-35 1.0000000180025095e-35 1.0000000180025095e-35 1.0000000180025095e-35 1.0000000180025095e-35 1.0000000180025095e-35
decision_type=2 2 2 2 2 2 2 2 2
left_child=2 5 3 -1 -3 -2 -4 -8 -5
right_child=1 4 6 8 -6 -7 7 -9 -10
leaf_value=0.014912816983296516 -0.014267753214713703 0.014896154620410641 0.039379615127810297 0.00072990484168338442 -0.014098292055340276 -0.039090846596747941 -0.00067865109350770392 0.030832328694508332 -0.030230029702507669
leaf_count=90299 90235 89903 89931 45026 89810 89821 45054 44837 45084
internal_value=0 -0.246847 0.250179 0.00267454 0.00636688 -0.514611 0.516852 0.286321 -0.28322
internal_count=720000 359769 360231 180409 179713 180056 179822 89891 90110
shrinkage=0.05


Tree=66
num_leaves=10
num_cat=0
split_feature=5 0 0 8 7 6 7 7 6
split_gain=8260.38 4539.4 4440.3 2977.88 2960.63 2030.42 2014 1769.77 1765.59
threshold=1.0000000180025095e-35 1.0000000180025095e-35 1.0000000180025095e-35 1.0000000180025095e-35 1.0000000180025095e-35 1.0000000180025095e-35 1.0000000180025095e-35 1.0000000180025095e-35 1.0000000180025095e-35
decision_type=2 2 2 2 2 2 2 2 2
left_child=2 3 5 8 -4 -1 -3 -5 -2
right_child=1 6 4 7 -6 -7 -8 -9 -10
leaf_value=-0.014089704763590708 0.031209132031803546 0.014593217100474318 -0.014235359426984701 -0.030886990157968787 0.014689167546993429 -0.038967737883101421 0.039698569364586871 0.00057774141289679227 -0.00033081853769838834
leaf_count=90349 45117 89764 89632 44806 89727 90156 90277 45216 44956
internal_value=0 0.246985 -0.245135 0.00149815 0.00102337 -0.508638 0.519003 -0.286193 0.291183
internal_count=720000 360136 359864 180095 179359 180505 180041 90022 90073
shrinkage=0.05


Tree=67
num_leaves=10
num_cat=0
split_feature=11 10 6 1 2 9 0 1 8
split_gain=8259.15 4421.72 4391.94 2950.94 2859.22 2016.67 1980.26 1823.2 1699.23
threshold=1.0000000180025095e-35 1.0000000180025095e-35 1.0000000180025095e-35 1.0000000180025095e-35 1.0000000180025095e-35 1.0000000180025095e-35 1.0000000180025095e-35 1.0000000180025095e-35 1.0000000180025095e-35
decision_type=2 2 2 2 2 2 2 2 2
left_child=2 6 3 -1 -3 -4 7 -2 -5
right_child=1 4 5 8 -6 -7 -8 -9 -10
leaf_value=0.014894644717722906 0.031200826011515373 -0.014341315013087828 -0.013704064490971763 0.00081677469665074939 0.014343947670169003 -0.038370337804742444 0.039192042328360863 -0.0010256614049733419 -0.029878869509193912
leaf_count=90151 44973 90062 90511 44940 90182 89733 89584 44948 44916
internal_value=0 0.249266 -0.244093 0.00176775 0.00142024 -0.504634 0.514837 0.287839 -0.280729
internal_count=720000 359749 360251 180007 180244 180244 179505 89921 89856
shrinkage=0.05


Tree=68
num_leaves=10
num_cat=0
split_feature=2 8 7 1 1 7 10 5 0
split_gain=8084.07 4474.83 4293.96 2837.05 2776.1 1992.22 1957.5 1703.9 1678.9
threshold=1.0000000180025095e-35 1.0000000180025095e-35 1.0000000180025095e-35 1.0000000180025095e-35 1.0000000180025095e-35 1.0000000180025095e-35 1.0000000180025095e-35 1.0000000180025095e-35 1.0000000180025095e-35
decision_type=2 2 2 2 2 2 2 2 2
left_child=1 4 3 -2 -1 -3 -4 -7 -6
right_child=2 5 6 -5 8 7 -8 -9 -10
leaf_value=0.014672549566313579 0.014417137582468379 -0.038710933543511572 0.039003649654945266 -0.014045720945252872 -0.029668327938373724 -0.03007800008159291 0.014195167341625315 0.00078055243591777063 0.0010117661714232732
leaf_count=90151 89992 90004 89577 89805 44552 44890 90274 45303 45452
internal_value=0 -0.242634 0.246542 0.00451823 0.00618712 -0.506759 0.511144 -0.281239 -0.26945
internal_count=720000 360352 359648 179797 180155 180197 179851 90193 90004
shrinkage=0.05


Tree=69
num_leaves=10
num_cat=0
split_feature=9 6 6 0 7 8 5 10 1
split_gain=7945.6 4295.33 4224.11 2815 2814.53 1884.65 1857.35 1596.89 1592.13
threshold=1.0000000180025095e-35 1.0000000180025095e-35 1.0000000180025095e-35 1.0000000180025095e-35 1.0000000180025095e-35 1.0000000180025095e-35 1.0000000180025095e-35 1.0000000180025095e-35 1.0000000180025095e-35
decision_type=2 2 2 2 2 2 2 2 2
left_child=1 6 3 7 -3 8 -1 -2 -4
right_child=2 4 5 -5 -6 -7 -8 -9 -10
leaf_value=0.014498374822325973 0.00053579360097207116 -0.014039515762135649 0.00042274622346216641 0.014320916389377384 0.014318676035798542 -0.038114824683716512 0.038760889626223663 -0.029381008718591145 -0.029677149169246117
leaf_count=89764 45447 90018 44625 89737 90384 90083 90065 44912 44965
internal_value=0 0.244728 -0.241371 -0.00105773 0.00299014 -0.501006 0.510687 -0.279569 -0.27936
internal_count=720000 360231 359769 180096 180402 179673 179829 90359 89590
shrinkage=0.05


Tree=70
num_leaves=10
num_cat=0
split_feature=10 8 5 1 7 5 11 1 0
split_gain=7749.14 4223.29 4145.31 2718.41 2650.73 1891.93 1856.17 1615.25 1583.47
threshold=1.0000000180025095e-35 1.0000000180025095e-35 1.0000000180025095e-35 1.0000000180025095e-35 1.0000000180025095e-35 1.0000000180025095e-35 1.0000000180025095e-35 1.0000000180025095e-35 1.0000000180025095e-35
decision_type=2 2 2 2 2 2 2 2 2
left_child=2 3 4 -2 -1 -3 -4 -7 -5
right_child=1 5 6 8 -6 7 -8 -9 -10
leaf_value=-0.013627497181212395 0.014549996703233863 -0.037724429727815569 0.014140513334594783 -0.029066782626667217 0.014118561848683445 0.00092500316412617292 0.038431551552582786 -0.029238088455318646 0.0007598787017035147
leaf_count=89735 90028 89989 90332 44830 89582 45124 89502 45447 45431
internal_value=0 -0.237108 0.244102 0.00526043 0.00390685 -0.494266 0.505121 -0.273126 -0.267466
internal_count=720000 360849 359151 180289 179317 180560 179834 90571 90261
shrinkage=0.05


Tree=71
num_leaves=10
num_cat=0
split_feature=2 11 0 6 7 4 10 8 1
split_gain=7696.81 4241.99 4070.45 2713.37 2565.3 2032.77 2153.81 1813.2 1768.5
threshold=1.0000000180025095e-35 1.0000000180025095e-35 1.0000000180025095e-35 1.0000000180025095e-35 1.0000000180025095e-35 1.0000000180025095e-35 1.0000000180025095e-35 1.0000000180025095e-35 1.0000000180025095e-35
decision_type=2 2 2 2 2 2 2 2 2
left_child=1 5 3 -2 -3 6 -1 -4 -7
right_child=2 4 7 -5 -6 8 -8 -9 -10
leaf_value=-0.019773730128509991 0.014333783504500569 -0.013280220715389894 0.038398281280137093 -0.013626366873322441 0.014151057350821013 0.0029577669406540396 -0.05593480037180857 0.01425980490831185 -0.0297963426814872
leaf_count=45045 90138 90019 89660 90352 89972 45353 45204 89318 44939
internal_value=0 -0.237925 0.242729 0.00670455 0.00959043 -0.493119 -0.741533 0.503587 -0.245644
internal_count=720000 360532 359468 180490 179991 180541 90249 178978 90292
shrinkage=0.05


Tree=72
num_leaves=10
num_cat=0
split_feature=9 5 8 0 7 1 10 1 11
split_gain=7490.84 4071.23 4065.83 2761.31 2696.51 1847.94 1815.64 1665.76 1524.92
threshold=1.0000000180025095e-35 1.0000000180025095e-35 1.0000000180025095e-35 1.0000000180025095e-35 1.0000000180025095e-35 1.0000000180025095e-35 1.0000000180025095e-35 1.0000000180025095e-35 1.0000000180025095e-35
decision_type=2 2 2 2 2 2 2 2 2
left_child=2 5 6 -4 8 -2 -1 -5 -3
right_child=1 4 3 7 -6 -7 -8 -9 -10
leaf_value=0.038156915904772729 -0.013775541286133067 -0.028851101521366402 -0.013901499472014521 0.031143646657078628 0.014141046250979464 -0.037882922710318255 0.014008419748790295 -7.8607247931466239e-05 0.0007107768351701328
leaf_count=90314 90136 44967 90042 44594 90263 89514 90126 45209 44835
internal_value=0 -0.235488 0.239587 0.00299756 0.00210782 -0.491941 0.500168 0.287259 -0.274855
internal_count=720000 359715 360285 179845 180065 179650 180440 89803 89802
shrinkage=0.05


Tree=73
num_leaves=10
num_cat=0
split_feature=11 6 5 1 7 6 8 10 1
split_gain=7367.81 4035.09 3943.29 2580.55 2536.04 1808.91 1748.74 1462.74 1455.22
threshold=1.0000000180025095e-35 1.0000000180025095e-35 1.0000000180025095e-35 1.0000000180025095e-35 1.0000000180025095e-35 1.0000000180025095e-35 1.0000000180025095e-35 1.0000000180025095e-35 1.0000000180025095e-35
decision_type=2 2 2 2 2 2 2 2 2
left_child=2 6 5 7 8 -1 -2 -3 -4
right_child=1 3 4 -5 -6 -7 -8 -9 -10
leaf_value=-0.013342929591428358 0.037790286642243771 0.029189781449935545 0.00053792794952033649 -0.013733892410213652 0.013886475261578879 -0.03710785228649615 0.014097501481098946 -0.00019254317078833033 -0.028305189086574402
leaf_count=89702 90157 44640 45244 90034 90287 89799 90026 45191 44920
internal_value=0 0.238925 -0.233337 0.000290496 0.00183159 -0.484645 0.497358 0.276173 -0.264849
internal_count=720000 360048 359952 179865 180451 179501 180183 89831 90164
shrinkage=0.05


Tree=74
num_leaves=10
num_cat=0
split_feature=2 0 7 1 0 7 9 6 8
split_gain=7254.62 4071.83 3818.79 2567.78 2559.26 1809.16 1746.66 1541.19 1525.87
threshold=1.0000000180025095e-35 1.0000000180025095e-35 1.0000000180025095e-35 1.0000000180025095e-35 1.0000000180025095e-35 1.0000000180025095e-35 1.0000000180025095e-35 1.0000000180025095e-35 1.0000000180025095e-35
decision_type=2 2 2 2 2 2 2 2 2
left_child=1 5 4 -3 -2 -1 -4 -7 -5
right_child=2 3 6 8 -6 7 -8 -9 -10
leaf_value=-0.03746411467158782 -0.013342300207130106 0.014485793853897323 0.037619754078607917 0.0010978036439971994 0.014013275461912604 0.00052536168270685699 0.013785374020672087 -0.029142650595185185 -0.028331048787974041
leaf_count=90081 90108 89717 89903 45429 89689 45308 89768 44766 45231
internal_value=0 -0.232359 0.237281 0.0073701 0.00680896 -0.488366 0.491299 -0.272249 -0.258065
internal_count=720000 360532 359468 180377 179797 180155 179671 90074 90660
shrinkage=0.05


Tree=75
num_leaves=10
num_cat=0
split_feature=10 8 5 9 0 7 5 11 1
split_gain=7147.95 3855.97 3809.82 2590.91 2482.92 1830.08 1660.8 1495.31 1449.57
threshold=1.0000000180025095e-35 1.0000000180025095e-35 1.0000000180025095e-35 1.0000000180025095e-35 1.0000000180025095e-35 1.0000000180025095e-35 1.0000000180025095e-35 1.0000000180025095e-35 1.0000000180025095e-35
decision_type=2 2 2 2 2 2 2 2 2
left_child=1 6 5 7 8 -2 -1 -4 -3
right_child=2 4 3 -5 -6 -7 -8 -9 -10
leaf_value=0.014067202475365762 -0.036936910564178027 0.00044678484973931476 -0.00025103772096448404 -0.013463291057422458 0.013793598336454641 -0.01293593566152363 0.037361037788465355 0.029527433807727411 -0.028847759347805171
leaf_count=89968 90057 44927 44977 90057 89358 90359 90308 45189 44800
internal_value=0 0.237398 -0.229896 0.00182882 0.00411275 -0.477966 0.492949 0.280733 -0.266094
internal_count=720000 359361 360639 180223 179085 180416 180276 90166 89727
shrinkage=0.05


Tree=76
num_leaves=10
num_cat=0
split_feature=6 0 1 7 1 1 11 0 5
split_gain=6924.45 3848.45 3763.5 2567.86 2564.06 1789.11 1735.75 1493.38 1461.71
threshold=1.0000000180025095e-35 1.0000000180025095e-35 1.0000000180025095e-35 1.0000000180025095e-35 1.0000000180025095e-35 1.0000000180025095e-35 1.0000000180025095e-35 1.0000000180025095e-35 1.0000000180025095e-35
decision_type=2 2 2 2 2 2 2 2 2
left_child=1 4 3 -2 -1 -3 -4 -5 -7
right_child=2 5 6 7 -6 8 -8 -9 -10
leaf_value=0.013671288962202916 -0.013617054886741193 0.038397226686566366 -0.036803680325569257 0.00016190537958499826 -0.013614606417048697 0.00022623348536552173 -0.013132584186356617 0.02987584029375644 0.029313871334373978
leaf_count=90991 89629 89084 89810 45308 89521 44885 90232 44982 45558
internal_value=0 0.232111 -0.228764 0.000103762 0.00296865 0.490603 -0.48009 0.275337 0.279313
internal_count=720000 360039 359961 179919 180512 179527 180042 90290 90443
shrinkage=0.05


Tree=77
num_leaves=10
num_cat=0
split_feature=8 9 2 7 10 11 9 6 5
split_gain=6950.26 3878.93 3761.51 2472.91 2419.94 1758.58 1653.93 1408.62 1404.28
threshold=1.0000000180025095e-35 1.0000000180025095e-35 1.0000000180025095e-35 1.0000000180025095e-35 1.0000000180025095e-35 1.0000000180025095e-35 1.0000000180025095e-35 1.0000000180025095e-35 1.0000000180025095e-35
decision_type=2 2 2 2 2 2 2 2 2
left_child=2 4 3 -1 8 -3 -4 -6 -2
right_child=1 5 6 -5 7 -7 -8 -9 -10
leaf_value=-0.013111162890268244 4.9566639609620875e-05 -0.036564707350205325 0.037263032665644215 0.013942775708339154 0.00081529930175962002 -0.012923097360072473 0.013891863522337181 -0.027892285315855688 0.02912401594646849
leaf_count=89957 44458 89803 90040 90227 45189 90183 90157 45175 44811
internal_value=0 -0.228878 0.234049 0.00409373 0.00666173 -0.480864 0.488118 -0.257202 0.278165
internal_count=720000 359619 360381 180184 179633 179986 180197 90364 89269
shrinkage=0.05


Tree=78
num_leaves=10
num_cat=0
split_feature=11 5 5 6 0 0 1 1 10
split_gain=6737.78 3570.57 3537.83 2320.16 2315.43 1660.41 1623.09 1426.06 1364.53
threshold=1.0000000180025095e-35 1.0000000180025095e-35 1.0000000180025095e-35 1.0000000180025095e-35 1.0000000180025095e-35 1.0000000180025095e-35 1.0000000180025095e-35 1.0000000180025095e-35 1.0000000180025095e-35
decision_type=2 2 2 2 2 2 2 2 2
left_child=1 5 3 8 7 -1 -4 -3 -2
right_child=2 4 6 -5 -6 -7 -8 -9 -10
leaf_value=-0.035915986879861202 0.028319210772057537 0.0007612418965157816 0.03666915416821246 -0.012915013276867157 0.013500543136655697 -0.01286214480039179 0.013512020324444688 -0.02802352786078155 -0.00023703428216163716
leaf_count=89774 45121 45778 89710 90078 89838 89841 90464 44559 44837
internal_value=0 -0.225598 0.231163 0.00612435 0.000766979 -0.46771 0.476647 -0.254648 0.268738
internal_count=720000 359790 360210 180036 180175 179615 180174 90337 89958
shrinkage=0.05


Tree=79
num_leaves=10
num_cat=0
split_feature=2 9 10 8 7 7 9 5 0
split_gain=6673.16 3690.83 3572.56 2421.39 2307.17 1636.21 1619.67 1364.91 1337.98
threshold=1.0000000180025095e-35 1.0000000180025095e-35 1.0000000180025095e-35 1.0000000180025095e-35 1.0000000180025095e-35 1.0000000180025095e-35 1.0000000180025095e-35 1.0000000180025095e-35 1.0000000180025095e-35
decision_type=2 2 2 2 2 2 2 2 2
left_child=1 3 6 -1 -4 -3 -2 -8 -7
right_child=2 5 4 -5 -6 8 7 -9 -10
leaf_value=0.013809084892112151 0.036721054403731294 -0.036055512943891151 -0.012794178619201617 -0.013073194096375959 0.01345857049825128 -0.027561970900564482 -7.1862290861189338e-05 0.028595156258756294 0.00047329114423955295
leaf_count=90261 89683 90125 89980 89823 90260 45016 44873 44904 45075
internal_value=0 -0.225095 0.230437 0.00563329 0.00524213 -0.471756 0.479134 0.269835 -0.262407
internal_count=720000 360300 359700 180084 180240 180216 179460 89777 90091
shrinkage=0.05


Tree=80
num_leaves=10
num_cat=0
split_feature=6 7 0 8 8 1 1 1 0
split_gain=6494.22 3637.91 3533.26 2459.32 2349.69 1697.52 1663.8 1415.5 1396.94
threshold=1.0000000180025095e-35 1.0000000180025095e-35 1.0000000180025095e-35 1.0000000180025095e-35 1.0000000180025095e-35 1.0000000180025095e-35 1.0000000180025095e-35 1.0000000180025095e-35 1.0000000180025095e-35
decision_type=2 2 2 2 2 2 2 2 2
left_child=1 3 5 7 -4 -2 -3 -1 -8
right_child=2 6 4 -5 -6 -7 8 -9 -10
leaf_value=0.029156830892451586 -0.013087898926296039 0.037334361085728483 0.013236493634167727 -0.013378646753638755 -0.013207436801639924 -0.036741959363863104 2.9271803183502398e-05 5.1217366060438209e-05 0.028854583216575164
leaf_count=45170 90575 89546 90356 89877 89671 89699 44858 45194 45054
internal_value=0 0.224298 -0.225974 -0.000206822 -0.00182622 -0.470913 0.478389 0.27147 0.271094
internal_count=720000 359699 360301 180241 180027 180274 179458 90364 89912
shrinkage=0.05


Tree=81
num_leaves=10
num_cat=0
split_feature=11 2 9 10 5 0 4 10 1
split_gain=6346.79 3426.81 3373.4 2305.46 2198.2 1674.79 1641.53 1838.53 1512.16
threshold=1.0000000180025095e-35 1.0000000180025095e-35 1.0000000180025095e-35 1.0000000180025095e-35 1.0000000180025095e-35 1.0000000180025095e-35 1.0000000180025095e-35 1.0000000180025095e-35 1.0000000180025095e-35
decision_type=2 2 2 2 2 2 2 2 2
left_child=2 3 4 -2 -1 -3 7 -4 -8
right_child=1 5 6 -5 -6 -7 8 -9 -10
leaf_value=-0.012772253953171213 0.013199074023041235 0.012659346418314139 -0.018138147259517182 -0.013302591780826007 0.013034461847708727 0.036276670070904342 0.0025275730410645129 -0.052541497227534754 -0.028605538795442826
leaf_count=89835 89821 90249 44730 90146 90330 89748 45309 44943 44889
internal_value=0 0.223449 -0.2228 -0.000455177 0.00028397 0.465791 -0.457818 -0.687972 -0.23019
internal_count=720000 359964 360036 179967 180165 179997 179871 89673 90198
shrinkage=0.05


Tree=82
num_leaves=10
num_cat=0
split_feature=7 6 8 0 9 8 5 1 1
split_gain=6270.73 3513.62 3454.24 2373.11 2303.48 1609.29 1551.13 1476.59 1345.17
threshold=1.0000000180025095e-35 1.0000000180025095e-35 1.0000000180025095e-35 1.0000000180025095e-35 1.0000000180025095e-35 1.0000000180025095e-35 1.0000000180025095e-35 1.0000000180025095e-35 1.0000000180025095e-35
decision_type=2 2 2 2 2 2 2 2 2
left_child=1 3 6 -1 -4 -3 -2 -5 -6
right_child=2 5 4 7 8 -7 -8 -9 -10
leaf_value=-0.013204428634226368 0.013321751989734282 -0.013151260729755893 0.013388217353817171 0.029525670293685427 0.00047731230163251749 -0.036341375956012202 0.036350918298031096 -0.00029946055436366081 -0.027707220649029796
leaf_count=90276 90303 89916 89725 44661 44900 89762 90049 45304 45104
internal_value=0 -0.222475 0.221856 3.9705e-05 0.00190272 -0.469527 0.470596 0.267219 -0.256678
internal_count=720000 359919 360081 180241 179729 179678 180352 89965 90004
shrinkage=0.05


Tree=83
num_leaves=10
num_cat=0
split_feature=10 1 5 9 7 0 6 6 5
split_gain=6212.45 3372.85 3352.45 2243.25 2180.47 1616.32 1563.17 1289.8 1275.3
threshold=1.0000000180025095e-35 1.0000000180025095e-35 1.0000000180025095e-35 1.0000000180025095e-35 1.0000000180025095e-35 1.0000000180025095e-35 1.0000000180025095e-35 1.0000000180025095e-35 1.0000000180025095e-35
decision_type=2 2 2 2 2 2 2 2 2
left_child=2 3 4 -2 -1 -3 -4 -7 -5
right_child=1 5 6 8 -6 7 -8 -9 -10
leaf_value=-0.012732720857490609 0.013374136859136812 -0.035646646816597877 0.036113263676631056 -0.026791967647060263 0.013080371952201323 0.00024794573750307658 0.013016456019621781 -0.02717928431930848 0.0006803185392475951
leaf_count=89858 90064 89808 89968 44963 89533 45600 89894 45343 44969
internal_value=0 -0.220247 0.223105 0.00160117 0.00245607 -0.457488 0.466741 -0.253164 -0.253167
internal_count=720000 360747 359253 179996 179391 180751 179862 90943 89932
shrinkage=0.05


Tree=84
num_leaves=10
num_cat=0
split_feature=2 0 9 1 7 8 1 8 0
split_gain=6247.23 3310.37 3279.74 2191.68 2132.73 1584.25 1502.58 1283.6 1276.27
threshold=1.0000000180025095e-35 1.0000000180025095e-35 1.0000000180025095e-35 1.0000000180025095e-35 1.0000000180025095e-35 1.0000000180025095e-35 1.0000000180025095e-35 1.0000000180025095e-35 1.0000000180025095e-35
decision_type=2 2 2 2 2 2 2 2 2
left_child=1 5 6 -3 -4 -1 -2 -5 -6
right_child=2 3 4 7 8 -7 -8 -9 -10
leaf_value=-0.012648584439540292 0.035911930698490149 0.013246829803513376 -0.012393994806615708 0.00043840157597354343 9.2230458627929772e-05 -0.035519212945978255 0.013194334916390446 -0.02701769603120855 0.028076346917907814
leaf_count=90161 89711 89507 89747 45518 45311 89994 90018 45356 44677
internal_value=0 -0.222152 0.223373 -0.00233058 0.00611137 -0.459103 0.465486 -0.251059 0.261633
internal_count=720000 360536 359464 180381 179735 180155 179729 90874 89988
shrinkage=0.05


Tree=85
num_leaves=10
num_cat=0
split_feature=11 9 6 8 1 5 1 0 7
split_gain=6107.78 3319.05 3242.52 2173.14 2071.12 1594.14 1557.23 1265.57 1257.24
threshold=1.0000000180025095e-35 1.0000000180025095e-35 1.0000000180025095e-35 1.0000000180025095e-35 1.0000000180025095e-35 1.0000000180025095e-35 1.0000000180025095e-35 1.0000000180025095e-35 1.0000000180025095e-35
decision_type=2 2 2 2 2 2 2 2 2
left_child=2 5 3 -1 -3 -2 7 -4 -5
right_child=1 4 6 8 -6 -7 -8 -9 -10
leaf_value=0.013183638741292176 0.012805602129193228 0.012785811471978254 -0.026619808505930782 -0.026749055573679532 -0.012482839367308133 0.036115819794043443 -0.03528146399612124 0.00070200151286953227 0.00066805593882965884
leaf_count=90210 90166 89800 45460 44757 90161 89760 89913 44989 44784
internal_value=0 0.223219 -0.218252 0.000256278 0.00215075 0.465002 -0.452793 -0.250959 -0.251614
internal_count=720000 359887 360113 179751 179961 179926 180362 90449 89541
shrinkage=0.05


Tree=86
num_leaves=10
num_cat=0
split_feature=10 5 2 9 8 1 0 8 2
split_gain=5896.42 3291.68 3115.65 2111.4 2092.19 1499.73 1476.18 1266.96 1214.38
threshold=1.0000000180025095e-35 1.0000000180025095e-35 1.0000000180025095e-35 1.0000000180025095e-35 1.0000000180025095e-35 1.0000000180025095e-35 1.0000000180025095e-35 1.0000000180025095e-35 1.0000000180025095e-35
decision_type=2 2 2 2 2 2 2 2 2
left_child=2 5 3 -1 8 7 -4 -2 -3
right_child=1 4 6 -5 -6 -7 -8 -9 -10
leaf_value=0.013155978684978937 0.00078449353087645286 0.00033660449645535746 0.012750250444371714 -0.012402060359217986 -0.012110095666044544 -0.034801044035583768 0.035323707769519465 -0.026711436239194888 0.027895158389288029
leaf_count=90001 44971 44937 90003 90035 90335 90324 89357 45046 44991
internal_value=0 -0.214193 0.2205 0.00641527 0.00603889 -0.45064 0.456651 -0.250148 0.263553
internal_count=720000 360604 359396 180036 180263 180341 179360 90017 89928
shrinkage=0.05


Tree=87
num_leaves=10
num_cat=0
split_feature=7 6 6 1 0 8 5 0 8
split_gain=5735.94 3229.35 3207.69 2102.79 2062.94 1494.39 1455.87 1286.2 1247.05
threshold=1.0000000180025095e-35 1.0000000180025095e-35 1.0000000180025095e-35 1.0000000180025095e-35 1.0000000180025095e-35 1.0000000180025095e-35 1.0000000180025095e-35 1.0000000180025095e-35 1.0000000180025095e-35
decision_type=2 2 2 2 2 2 2 2 2
left_child=2 6 3 7 -3 -4 -2 -1 -5
right_child=1 4 5 8 -6 -7 -8 -9 -10
leaf_value=2.4624916809667512e-07 0.013035320259406406 -0.012308919448462401 -0.012603033007433172 0.00038668844064206607 0.012738515648856417 -0.035225258126109986 0.035611027309177021 0.028157244189003769 -0.027131998460291212
leaf_count=45488 89816 90104 89910 45036 90510 89672 90229 44477 44758
internal_value=0 0.216246 -0.213306 0.0015913 0.00178122 -0.452168 0.459665 0.255764 -0.249905
internal_count=720000 360659 359341 179759 180614 179582 180045 89965 89794
shrinkage=0.05


Tree=88
num_leaves=10
num_cat=0
split_feature=11 9 2 10 5 4 10 1 1
split_gain=5761.26 3068.13 3059.37 2023.78 1981.74 1936.07 1842.22 1456.2 1315.34
threshold=1.0000000180025095e-35 1.0000000180025095e-35 1.0000000180025095e-35 1.0000000180025095e-35 1.0000000180025095e-35 1.0000000180025095e-35 1.0000000180025095e-35 1.0000000180025095e-35 1.0000000180025095e-35
decision_type=2 2 2 2 2 2 2 2 2
left_child=2 7 5 -3 -4 6 -1 -2 -7
right_child=1 3 4 -5 -6 8 -8 -9 -10
leaf_value=-0.018211212176251761 0.035145613841286734 0.012715039502472776 -0.01216223377714919 -0.012398261306175407 0.012754819724385509 0.0039539629613254178 -0.053091487435462964 0.01267984293380502 -0.025459841328361071
leaf_count=45163 89825 89872 89801 90089 89862 45231 45084 90101 44972
internal_value=0 0.218062 -0.213455 0.0045582 0.00296174 -0.439856 -0.692814 0.452374 -0.189046
internal_count=720000 359887 360113 179961 179663 180450 90247 179926 90203
shrinkage=0.05


Tree=89
num_leaves=10
num_cat=0
split_feature=8 0 7 0 9 5 1 6 5
split_gain=5548.11 3153.32 3076.26 2123.14 2077.4 1521.27 1451.53 1188.83 1185.18
threshold=1.0000000180025095e-35 1.0000000180025095e-35 1.0000000180025095e-35 1.0000000180025095e-35 1.0000000180025095e-35 1.0000000180025095e-35 1.0000000180025095e-35 1.0000000180025095e-35 1.0000000180025095e-35
decision_type=2 2 2 2 2 2 2 2 2
left_child=2 5 3 -1 -3 -2 -4 -8 -5
right_child=1 4 6 8 -6 -7 7 -9 -10
leaf_value=-0.0124556274232887 -0.034945870668894118 0.01310417059733616 0.035515449280727765 0.00049922817018653684 -0.012199344238948697 -0.012143229822020802 0.027356861515281175 0.00026622632317064692 0.027658271653928673
leaf_count=90274 89969 89711 90477 44884 89797 90100 44996 45063 44729
internal_value=0 -0.210451 0.213698 0.00363688 0.00481994 -0.446519 0.452551 0.256267 0.261135
internal_count=720000 359577 360423 179887 179508 180069 180536 90059 89613
shrinkage=0.05


Tree=90
num_leaves=10
num_cat=0
split_feature=2 5 1 10 9 6 10 6 5
split_gain=5471.71 3153.62 2978 2010.79 1997.13 1469.04 1423.04 1170.91 1149.92
threshold=1.0000000180025095e-35 1.0000000180025095e-35 1.0000000180025095e-35 1.0000000180025095e-35 1.0000000180025095e-35 1.0000000180025095e-35 1.0000000180025095e-35 1.0000000180025095e-35 1.0000000180025095e-35
decision_type=2 2 2 2 2 2 2 2 2
left_child=1 5 6 -3 7 -1 -2 -4 -6
right_child=2 3 4 -5 8 -7 -8 -9 -10
leaf_value=-0.012187194265805374 0.034734330650158317 0.013100876095236053 0.027074393751498838 -0.011857719747822635 -0.026366471502084321 -0.034543857915563157 0.012344919273281595 9.5649264812323821e-06 0.00041948357086187075
leaf_count=90078 89797 89967 44944 90307 45080 90037 89964 45036 44790
internal_value=0 -0.208606 0.213533 0.00775113 0.00439461 -0.443645 0.447667 0.253955 -0.244727
internal_count=720000 360389 359611 180274 179850 180115 179761 89980 89870
shrinkage=0.05


Tree=91
num_leaves=10
num_cat=0
split_feature=11 9 6 0 10 4 10 0 1
split_gain=5378.75 2989.98 2973.56 1935.98 1915.33 1498.27 1550.79 1368.89 1216.22
threshold=1.0000000180025095e-35 1.0000000180025095e-35 1.0000000180025095e-35 1.0000000180025095e-35 1.0000000180025095e-35 1.0000000180025095e-35 1.0000000180025095e-35 1.0000000180025095e-35 1.0000000180025095e-35
decision_type=2 2 2 2 2 2 2 2 2
left_child=1 4 7 -4 -1 6 -3 -2 -7
right_child=2 5 3 -5 -6 8 -8 -9 -10
leaf_value=0.012812741229076944 0.012511834915957405 -0.017911231644072708 -0.012246413424020056 0.012426209020178641 -0.011748024970675694 0.0021371598863094087 -0.050290982725227362 0.034447581667243869 -0.02641280133659446
leaf_count=89836 90557 44939 90020 89861 90372 45165 44758 89561 44931
internal_value=0 -0.20742 0.211945 0.00111005 0.0063452 -0.434046 -0.659409 0.444576 -0.212132
internal_count=720000 360001 359999 179881 180208 179793 89697 180118 90096
shrinkage=0.05


Tree=92
num_leaves=10
num_cat=0
split_feature=7 8 8 6 1 5 9 0 5
split_gain=5349.68 3078.49 2908.48 1968.11 1955.74 1412.28 1384.89 1187.58 1172.39
threshold=1.0000000180025095e-35 1.0000000180025095e-35 1.0000000180025095e-35 1.0000000180025095e-35 1.0000000180025095e-35 1.0000000180025095e-35 1.0000000180025095e-35 1.0000000180025095e-35 1.0000000180025095e-35
decision_type=2 2 2 2 2 2 2 2 2
left_child=1 4 6 7 8 -3 -2 -4 -1
right_child=2 5 3 -5 -6 -7 -8 -9 -10
leaf_value=0.00015176433040934 0.034701020448772962 -0.034487656398630273 0.00034616293341174266 -0.011879502842318618 -0.012028647703523533 -0.012314088121404552 0.012419186474560499 0.027718847754181881 0.027248478401980688
leaf_count=44915 90323 89693 45096 90347 90059 89937 90123 44578 44929
internal_value=0 -0.207861 0.211048 0.00623059 0.00482112 -0.443883 0.445312 0.25582 0.251881
internal_count=720000 359533 360467 180021 179903 179630 180446 89674 89844
shrinkage=0.05


Tree=93
num_leaves=10
num_cat=0
split_feature=10 5 11 6 9 1 0 0 2
split_gain=5202.49 2866.97 2809.82 1850.91 1799.87 1459.74 1416.03 1227.51 1147.21
threshold=1.0000000180025095e-35 1.0000000180025095e-35 1.0000000180025095e-35 1.0000000180025095e-35 1.0000000180025095e-35 1.0000000180025095e-35 1.0000000180025095e-35 1.0000000180025095e-35 1.0000000180025095e-35
decision_type=2 2 2 2 2 2 2 2 2
left_child=2 6 4 -3 -1 -4 -2 -7 -8
right_child=1 3 5 -5 -6 7 8 -9 -10
leaf_value=0.012236610555519308 -0.033569287188455074 0.012394810387622419 0.034493068325779225 -0.011663870816135118 -0.011764248354367816 -0.0013123518566878914 -0.025212445012695095 0.02644197222460376 0.0013536432817192151
leaf_count=89836 90333 90126 89919 90191 89751 44931 45234 44888 44791
internal_value=0 -0.203926 0.210126 0.00348155 0.0027264 0.436291 -0.428679 0.235392 -0.23102
internal_count=720000 360675 359325 180317 179587 179738 180358 89819 90025
shrinkage=0.05


Tree=94
num_leaves=10
num_cat=0
split_feature=2 7 8 1 1 6 6 0 5
split_gain=5198.09 2874.87 2818.89 1920.38 1873.59 1408.69 1320.03 1195.03 1154.06
threshold=1.0000000180025095e-35 1.0000000180025095e-35 1.0000000180025095e-35 1.0000000180025095e-35 1.0000000180025095e-35 1.0000000180025095e-35 1.0000000180025095e-35 1.0000000180025095e-35 1.0000000180025095e-35
decision_type=2 2 2 2 2 2 2 2 2
left_child=1 5 6 -3 -4 -1 -2 -5 -6
right_child=2 3 4 7 8 -7 -8 -9 -10
leaf_value=-0.011801208025062888 0.03423507324255582 0.012631205228532777 0.012392194777928132 -0.026384886846830644 -0.026429190057602709 -0.033928560565675704 0.01242920895550311 0.00074768698120903027 0.00067028794973824832
leaf_count=90007 89860 90562 89745 44726 44704 89679 90283 45415 45019
internal_value=0 -0.204757 0.209881 0.00239499 0.00504694 -0.431826 0.439881 -0.237726 -0.238779
internal_count=720000 360389 359611 180703 179468 179686 180143 90141 89723
shrinkage=0.05


Tree=95
num_leaves=10
num_cat=0
split_feature=9 0 11 5 0 6 7 2 1
split_gain=5149.5 2849.55 2814.07 1896.4 1830.54 1386.51 1318.49 1122.52 1118.43
threshold=1.0000000180025095e-35 1.0000000180025095e-35 1.0000000180025095e-35 1.0000000180025095e-35 1.0000000180025095e-35 1.0000000180025095e-35 1.0000000180025095e-35 1.0000000180025095e-35 1.0000000180025095e-35
decision_type=2 2 2 2 2 2 2 2 2
left_child=2 5 4 7 -1 -2 8 -3 -4
right_child=1 3 6 -5 -6 -7 -8 -9 -10
leaf_value=-0.011754956643741096 -0.011873221965824056 -0.025681293218994046 0.026502157010872125 0.012477865055165297 0.012429528131954226 -0.033888819278874285 0.03392466424594287 0.00075377694347032297 -0.00020208132476510541
leaf_count=90086 90550 44915 44824 89803 90076 89765 90039 44752 45190
internal_value=0 -0.204824 0.20875 0.00210328 0.00210241 -0.431361 0.437052 -0.239126 0.244355
internal_count=720000 359785 360215 179470 180162 180315 180053 89667 90014
shrinkage=0.05


Tree=96
num_leaves=10
num_cat=0
split_feature=5 10 1 6 9 6 7 0 0
split_gain=4983.94 2850.45 2800.8 1870.04 1790.68 1343.63 1339.51 1177.83 1073.6
threshold=1.0000000180025095e-35 1.0000000180025095e-35 1.0000000180025095e-35 1.0000000180025095e-35 1.0000000180025095e-35 1.0000000180025095e-35 1.0000000180025095e-35 1.0000000180025095e-35 1.0000000180025095e-35
decision_type=2 2 2 2 2 2 2 2 2
left_child=2 6 3 7 -3 8 -2 -1 -4
right_child=1 4 5 -5 -6 -7 -8 -9 -10
leaf_value=-6.7071305330481705e-05 0.012159106896843836 0.012081016336451275 -0.025857840148484301 -0.011947876322712183 -0.011721041107310877 -0.03385434946011559 0.034182025803758245 0.027387943408164341 9.7028816381373127e-05
leaf_count=45343 89910 90091 45127 90008 90036 89923 90019 44639 44904
internal_value=0 0.205041 -0.202614 0.000986153 -0.0007493 -0.430603 0.437331 0.245503 -0.239093
internal_count=720000 360056 359944 179990 180127 179954 179929 89982 90031
shrinkage=0.05


Tree=97
num_leaves=10
num_cat=0
split_feature=8 2 11 7 0 1 2 7 1
split_gain=5029.99 2803.89 2768.58 1856.15 1735.19 1343.91 1303.93 1084.95 1074.3
threshold=1.0000000180025095e-35 1.0000000180025095e-35 1.0000000180025095e-35 1.0000000180025095e-35 1.0000000180025095e-35 1.0000000180025095e-35 1.0000000180025095e-35 1.0000000180025095e-35 1.0000000180025095e-35
decision_type=2 2 2 2 2 2 2 2 2
left_child=2 5 4 -3 8 7 -4 -2 -1
right_child=1 3 6 -5 -6 -7 -8 -9 -10
leaf_value=0.00067254117488158667 -0.025463789342006493 -0.011959578060118504 0.012080724831851908 0.012392599195153627 0.01219268474151796 -0.033479532052120307 0.033807844431204569 0.00055137262243130621 -0.025271926701112592
leaf_count=45473 44993 89747 89944 89800 90333 90188 89962 44992 44568
internal_value=0 -0.203584 0.206807 0.00379484 0.00269879 -0.428178 0.435665 -0.235556 -0.226973
internal_count=720000 359720 360280 179547 180374 180173 179906 89985 90041
shrinkage=0.05


Tree=98
num_leaves=10
num_cat=0
split_feature=10 7 6 9 6 5 9 1 0
split_gain=4866.54 2682.07 2658.33 1762.41 1746.82 1298.42 1278.12 1111.13 1048.98
threshold=1.0000000180025095e-35 1.0000000180025095e-35 1.0000000180025095e-35 1.0000000180025095e-35 1.0000000180025095e-35 1.0000000180025095e-35 1.0000000180025095e-35 1.0000000180025095e-35 1.0000000180025095e-35
decision_type=2 2 2 2 2 2 2 2 2
left_child=2 6 5 7 -3 -1 8 -4 -2
right_child=1 4 3 -5 -6 -7 -8 -9 -10
leaf_value=0.011916378767964404 -0.024923551098198528 0.012140269465523639 0.026507756580773752 -0.011743414584703078 -0.011417288914968977 0.033732444429748508 -0.032586339488501058 -0.00032193513762885181 0.000874533412809511
leaf_count=89944 45347 90113 44889 89468 90548 90022 89950 45113 44606
internal_value=0 -0.199465 0.205036 0.00390516 0.00228453 0.430275 -0.419878 0.242016 -0.228622
internal_count=720000 360564 359436 179470 180661 179966 179903 90002 89953
shrinkage=0.05


Tree=99
num_leaves=10
num_cat=0
split_feature=11 2 8 9 7 1 5 5 1
split_gain=4738.72 2627.79 2606.68 1695.97 1692.56 1316.6 1271.25 1080.11 1066.99
threshold=1.0000000180025095e-35 1.0000000180025095e-35 1.0000000180025095e-35 1.0000000180025095e-35 1.0000000180025095e-35 1.0000000180025095e-35 1.0000000180025095e-35 1.0000000180025095e-35 1.0000000180025095e-35
decision_type=2 2 2 2 2 2 2 2 2
left_child=2 3 4 7 8 -4 -3 -2 -1
right_child=1 6 5 -5 -6 -7 -8 -9 -10
leaf_value=0.00097725754522786572 -0.00066428180912070139 0.011698272349680447 -0.011273517146949477 -0.01179032267000249 0.012118459863812358 -0.0328054779458615 0.033192837761243259 0.025843664766746127 -0.024924684552374121
leaf_count=45034 45357 89891 89979 90065 90351 89685 89983 44666 44989
internal_value=0 0.202292 -0.19762 0.000512898 0.00309559 -0.414225 0.424607 0.234218 -0.22421
internal_count=720000 359962 360038 180088 180374 179664 179874 90023 90023
shrinkage=0.05


end of trees

feature importances:
Column_1=132
Column_0=117
Column_7=98
Column_6=97
Column_8=89
Column_5=87
Column_9=78
Column_2=70
Column_10=69
Column_11=57
Column_4=6

parameters:
[boosting: gbdt]
[objective: binary]
[metric: binary_error]
[tree_learner: serial]
[device_type: cpu]
[data: ]
[valid: ]
[num_iterations: 100]
[learning_rate: 0.05]
[num_leaves: 10]
[num_threads: 0]
[max_depth: -1]
[min_data_in_leaf: 20]
[min_sum_hessian_in_leaf: 0.001]
[bagging_fraction: 0.9]
[bagging_freq: 5]
[bagging_seed: 3]
[feature_fraction: 1]
[feature_fraction_seed: 2]
[early_stopping_round: 0]
[max_delta_step: 0]
[lambda_l1: 0]
[lambda_l2: 0]
[min_gain_to_split: 0]
[drop_rate: 0.1]
[max_drop: 50]
[skip_drop: 0.5]
[xgboost_dart_mode: 0]
[uniform_drop: 0]
[drop_seed: 4]
[top_rate: 0.2]
[other_rate: 0.1]
[min_data_per_group: 100]
[max_cat_threshold: 32]
[cat_l2: 10]
[cat_smooth: 10]
[max_cat_to_onehot: 4]
[top_k: 20]
[monotone_constraints: ]
[feature_contri: ]
[forcedsplits_filename: ]
[refit_decay_rate: 0.9]
[verbosity: 1]
[max_bin: 255]
[min_data_in_bin: 3]
[bin_construct_sample_cnt: 200000]
[histogram_pool_size: -1]
[data_random_seed: 1]
[output_model: LightGBM_model.txt]
[snapshot_freq: -1]
[input_model: ]
[output_result: LightGBM_predict_result.txt]
[initscore_filename: ]
[valid_data_initscores: ]
[pre_partition: 0]
[enable_bundle: 1]
[max_conflict_rate: 0]
[is_enable_sparse: 1]
[sparse_threshold: 0.8]
[use_missing: 1]
[zero_as_missing: 0]
[two_round: 0]
[save_binary: 0]
[enable_load_from_binary_file: 1]
[header: 0]
[label_column: ]
[weight_column: ]
[group_column: ]
[ignore_column: ]
[categorical_feature: ]
[predict_raw_score: 0]
[predict_leaf_index: 0]
[predict_contrib: 0]
[num_iteration_predict: -1]
[pred_early_stop: 0]
[pred_early_stop_freq: 10]
[pred_early_stop_margin: 10]
[convert_model_language: ]
[convert_model: gbdt_prediction.cpp]
[num_class: 1]
[is_unbalance: 0]
[scale_pos_weight: 1]
[sigmoid: 1]
[boost_from_average: 1]
[reg_sqrt: 0]
[alpha: 0.9]
[fair_c: 1]
[poisson_max_delta_step: 0.7]
[tweedie_variance_power: 1.5]
[max_position: 20]
[label_gain: ]
[metric_freq: 1]
[is_provide_training_metric: 0]
[eval_at: ]
[num_machines: 1]
[local_listen_port: 12400]
[time_out: 120]
[machine_list_filename: ]
[machines: ]
[gpu_platform_id: -1]
[gpu_device_id: -1]
[gpu_use_dp: 0]

end of parameters

pandas_categorical:null
